0.0, 0.002662543386355773, 0.015987660814178725, 0.018005109083884405, 0.00755144285060342, 0.0069764470063527016, 0.0, 0.013392367065609548, 0.0038960212012521017, 0.04442363348842899, 0.0, 0.0, 0.005506231922375855, 0.0, 0.0, 0.012635105458982361, 0.0, 0.0, 0.0, 0.0034831674819565854, 0.0, 0.0, 0.013107895439867392, 0.0020253665888347143, 0.0, 0.0, 0.0, 0.0, 0.0, 0.009593509226770368, 0.013392367065609548, 0.0038960212012521017, 0.04442363348842899, 0.0, 0.0, 0.005506231922375855, 0.0, 0.0, 0.0, 0.00355957944037071, 0.0, 0.0, 0.0, 0.0038515511437765245, 0.0, 0.0, 0.013107895439867392, 0.0020253665888347143, 0.0, 0.0, 0.027998450708772656, 0.0, 0.0, 0.0, 0.009593509226770368, 0.0, 0.0, 0.001723771891208252, 0.0, 0.0, 0.0, 0.003916883633375893, 0.0, 0.0, 0.0010507131586677113, 0.011774912951341868, 0.0, 0.0, 0.025352664279882038, 4.42499603412585E-4, 0.0, 0.0019023876157611137, 0.0013731467211957925, 0.0, 8.807413969830098E-4, 0.0, 0.0, 0.0, 0.0, 0.0, 0.0, 0.004592226693681356, 0.0, 0.008608015776991242, 0.011648718966964547, 0.016796390757130516, 0.0, 0.0, 0.0, 0.02163807088077085, 0.0, 8.554674255316149E-4, 9.292768826029351E-4, 0.0, 0.0016984525582734123, 0.0, 0.0, 0.0, 0.0, 0.0010907614257846174, 8.816923929099879E-4, 0.0, 0.0, 0.0, 0.0033296256397932515, 0.011118542676791587, 0.0, 0.014842486246861807, 0.006044337367522629, 0.0, 0.0, 0.0, 0.0, 0.003916883633375893, 0.0, 0.0, 0.0, 0.0, 0.0, 0.0031153006885506294, 0.009666475453657019, 0.011648718966964547, 0.016796390757130516, 0.0, 0.0, 0.0, 0.002527811067525197, 0.0, 0.004701368289071843, 0.0, 0.02308114347671858, 0.0, 0.0, 0.0, 0.0, 0.0, 0.0, 0.0, 0.007506217890918446, 0.002643019741031313, 8.163070457816409E-4, 0.0013507891529066219
0.002662543386355773, 0.0, 0.0057764748640063415, 3.364474321592087E-5, 0.01333629586160961, 0.0017949715893530271, 5.0271083662122796E-5, 0.0011925249701864348, 0.0, 0.0, 0.0, 6.304604254317752E-5, 0.006180441994936401, 0.0, 0.0, 0.014026185499600188, 0.0, 0.04776568647927665, 0.0, 0.0038390801213099932, 0.0, 0.0, 0.003078554036850387, 0.003172589302334971, 0.0, 7.654593385991205E-5, 0.00641926914341697, 0.0, 0.0, 0.0, 0.0011925249701864348, 0.0, 0.0, 0.0, 6.887130117213935E-5, 0.006180441994936401, 0.0, 0.0, 0.0, 0.007902952878910722, 0.0, 0.04776568647927665, 0.0, 0.004245105499197906, 0.0, 0.0, 0.003078554036850387, 0.003172589302334971, 0.0, 7.654593385991205E-5, 0.0, 0.0030344196015901622, 0.0, 0.0, 0.0, 0.0, 0.0, 0.0, 0.0, 0.0, 0.0, 2.7904354639335404E-4, 0.0, 0.0035574450792644732, 0.0012432431196217066, 0.003163622389206216, 0.011753763044239725, 3.432464696092276E-5, 0.0, 3.152420908340289E-5, 0.0, 7.28841638508522E-5, 4.260806536039435E-5, 6.203425524585326E-5, 4.5408658323435494E-4, 0.0, 7.960723876954526E-5, 0.0, 1.3223960578777767E-4, 0.0, 0.0, 0.0, 0.0, 0.016295267301378993, 0.0, 0.0, 0.0, 0.0, 0.0, 8.475724784037136E-5, 0.0, 0.0010122210634548876, 0.0, 0.0, 0.0, 6.101149168484725E-5, 4.8503351921289744E-5, 1.3766413904090497E-4, 0.0, 7.770716850673449E-5, 9.717843762222986E-4, 0.0, 0.0, 0.0, 5.717838905514723E-4, 6.347150548915306E-5, 0.0, 0.0021946448003918183, 0.0, 1.356464728404955E-4, 0.0, 0.0, 0.0, 2.7904354639335404E-4, 0.0, 0.0035574450792644732, 1.0973092098709261E-4, 0.0, 0.0, 0.0, 0.018253715129340535, 0.0, 0.0, 0.0, 0.0, 5.801921357970421E-5, 0.0013991167178710984, 6.79169123257944E-5, 0.0, 4.60074982417748E-5, 0.025439591853561806, 0.0035574450792644732, 0.0, 9.382346282977162E-5, 3.9003542653890714E-5, 3.445721086587652E-5, 0.0, 0.0, 0.017367510655294714, 8.20115987143791E-5, 5.815470519977308E-5, 0.0
0.015987660814178725, 0.0057764748640063415, 0.0, 0.028613937155004106, 0.014129848887644101, 0.006111246679929303, 6.802067363453902E-5, 0.016641375397840528, 0.0, 0.0, 0.0, 7.451969045283239E-4, 0.0013188532709207793, 0.0, 0.0, 0.009556922624358973, 0.0, 0.0014559495204171985, 0.0, 0.0, 0.0, 0.0012075969271063565, 0.002862866872926997, 0.0021951883914701755, 0.0, 1.035725830008142E-4, 0.004342884413546323, 0.0, 0.0, 0.0, 0.016641375397840528, 0.0, 0.0, 0.0, 8.140507853314896E-4, 0.0013188532709207793, 0.0, 0.0, 0.0, 0.005384779002805692, 0.0, 0.0014559495204171985, 0.0, 0.0, 0.0, 7.056115201487401E-4, 0.002862866872926997, 0.0021951883914701755, 0.0, 1.035725830008142E-4, 0.009278910520750772, 0.0020995855591386535, 0.0, 0.0, 0.0, 0.0, 0.0, 0.023136507615175026, 0.0, 8.858452182269293E-4, 0.0, 3.775675520865664E-4, 0.0, 0.004813498995482515, 0.008921588882287482, 3.752429141915852E-4, 0.008008578238327945, 0.02025534958372011, 0.018904670403580227, 4.2654698913219564E-5, 0.0011198191267233523, 9.861792428716741E-5, 5.765201577029438E-5, 8.393715676790114E-5, 6.144143517494788E-4, 0.0, 1.0771476588180244E-4, 0.0, 5.844362059124233E-4, 0.0, 0.0, 0.001197507093594505, 0.0, 0.01042166910501535, 0.0, 0.0, 0.040307689717866184, 0.0, 0.0, 5.582519791747268E-4, 0.0, 0.0013696135747944507, 0.0, 0.001337248350272815, 0.0, 8.255327837657644E-5, 6.562879553967277E-5, 1.8627025301100873E-4, 0.0, 1.0514382350669855E-4, 0.019358244140182775, 0.0, 0.036277708653208944, 0.0, 8.20131066348358E-4, 7.502258271623707E-4, 0.0, 0.025350784186530088, 0.0, 0.020149271946198612, 0.02029289216209773, 8.858452182269293E-4, 0.0, 3.775675520865664E-4, 0.0, 0.004813498995482515, 1.4847444336482868E-4, 0.0, 0.0, 8.123716275488558E-4, 0.011641909364804824, 0.0, 0.0, 0.040307689717866184, 0.0, 6.122430566320815E-4, 0.028857875732385272, 0.00897781149889477, 0.0, 6.225171201159749E-5, 0.0, 0.004813498995482515, 0.0, 0.00831055059004179, 5.277481709530135E-5, 3.636069295313596E-4, 0.0, 0.0, 4.566030587519554E-4, 1.1096805129348586E-4, 9.180198410552669E-4, 3.855841553794671E-4
0.018005109083884405, 3.364474321592087E-5, 0.028613937155004106, 0.0, 0.022156158245717608, 2.4301929238691883E-5, 3.918501482768244E-5, 0.010576127966987325, 0.0, 0.0, 0.0, 4.914276621696342E-5, 8.69731175391295E-5, 0.0, 0.0, 7.795957151478294E-5, 0.0, 9.601406885989406E-5, 0.0, 0.0, 0.0, 0.0, 5.456820311596189E-5, 5.623500363516795E-5, 0.0, 5.96655837669841E-5, 0.0, 0.0, 0.0, 0.0, 0.010576127966987325, 0.0, 0.0, 0.0, 5.368340527072109E-5, 8.69731175391295E-5, 0.0, 0.0, 0.0, 4.392575730293616E-5, 0.0, 9.601406885989406E-5, 0.0, 0.0, 0.0, 0.0, 5.456820311596189E-5, 5.623500363516795E-5, 0.0, 5.96655837669841E-5, 0.0, 5.378590831169327E-5, 0.0, 0.0, 0.0, 0.0, 0.0, 0.013328365414791665, 0.0, 0.0, 0.0, 2.1750725678569845E-4, 0.0, 0.00277293680630711, 0.004688159873974788, 6.61818193174377E-5, 6.53291182154506E-5, 7.964640641654214E-4, 0.043562037862594355, 7.314831151723688E-4, 0.0, 5.68113283651121E-5, 3.3211889446176566E-5, 4.8354104080404294E-5, 0.0, 0.0, 6.205179209068524E-5, 0.0, 1.0307736647231322E-4, 0.0, 0.0, 0.0013797079832190517, 0.0, 6.116024663405356E-4, 0.0, 0.0, 0.0, 0.0, 0.0031006803761594957, 0.001527438328962028, 0.0, 5.404978940266216E-5, 0.0, 0.0, 0.0, 4.755688622903281E-5, 3.78071134690909E-5, 0.001650822051671293, 0.0, 0.0018031057191679604, 0.0016026041969377457, 0.0, 0.0, 0.009386820808410579, 4.992233203964625E-4, 8.148983992508122E-4, 0.0, 0.022353488167049483, 0.0, 1.057329315855291E-4, 0.0, 0.0, 0.0, 2.1750725678569845E-4, 0.0, 0.00277293680630711, 8.553242645083865E-5, 0.0, 0.0, 9.359740964084371E-4, 6.515332916607098E-4, 0.0, 0.0, 0.0, 0.0, 4.522448252143331E-5, 0.0012305392721434403, 5.293948374822605E-5, 0.0, 3.586165981432501E-5, 0.0, 0.00277293680630711, 0.0, 0.0212877894301832, 9.050324722737378E-4, 2.6858508318118418E-5, 0.0, 0.0, 3.3727841951125454E-5, 6.392592873597079E-5, 3.959835610208634E-4, 0.0
0.00755144285060342, 0.01333629586160961, 0.014129848887644101, 0.022156158245717608, 0.0, 0.011464687375730719, 6.880547724141395E-4, 0.005565454161692773, 0.002165456467138046, 0.008820805751453678, 0.05347130493724431, 0.0021478019272018825, 0.0038011907722202464, 0.004623606073897391, 0.0, 2.2233133384000987E-4, 0.0, 2.73820591650878E-4, 0.0, 0.0, 0.0, 0.0, 0.020219327354291404, 1.6037547569555167E-4, 0.0, 1.7015907816708513E-4, 0.0, 0.006679326436867385, 0.0, 0.005357729773129828, 0.005565454161692773, 0.002165456467138046, 0.008820805751453678, 0.05347130493724431, 0.0013867474868638771, 0.0038011907722202464, 0.004623606073897391, 0.0, 0.007490322607104309, 1.2527098368213165E-4, 0.0, 2.73820591650878E-4, 0.0, 0.0, 0.0, 0.0, 0.020219327354291404, 1.6037547569555167E-4, 0.0, 1.7015907816708513E-4, 0.010162862377027631, 1.5339095000628202E-4, 0.006679326436867385, 0.0, 0.005357729773129828, 0.0, 0.0, 0.0, 0.0, 0.0, 0.0, 6.203045704513133E-4, 0.0031409062426191498, 0.007908082700062201, 0.0019055669160155091, 1.8874259925882587E-4, 0.0014654979545862324, 4.697976536894911E-4, 0.0034326944633567584, 7.007727369810746E-5, 0.0, 1.6201908460006148E-4, 8.579281435525009E-4, 0.002427999787818954, 6.729462996045111E-4, 0.0, 0.0013919792103638474, 0.0, 2.9396426803294135E-4, 0.0, 0.0, 0.013209230983218061, 0.0, 0.007710575903452321, 0.0, 0.0, 0.0, 0.0, 0.0, 0.0018068718838378244, 0.0, 0.0015514704563984075, 0.0, 0.0, 4.8509550937768126E-4, 1.356265272260187E-4, 1.0782134640939716E-4, 0.0024979270588462916, 0.0, 0.0013587553686009173, 0.0014401630088567595, 0.0, 9.404423827482868E-4, 0.0, 0.0013219460945904618, 0.0018374688925019713, 0.0, 8.80766875871737E-5, 0.0, 3.0153762076241765E-4, 0.0, 0.0, 0.0, 6.203045704513133E-4, 0.0031409062426191498, 0.007908082700062201, 2.4392820650356604E-4, 0.0, 0.0, 0.008960952740827147, 0.007117061353007286, 0.0, 0.0, 0.0, 0.0, 0.002467314640876724, 0.006295363207333767, 0.0012323579272993052, 0.0, 1.0227314626432575E-4, 0.0, 0.007908082700062201, 0.0, 7.687669350152567E-4, 0.026280398267068725, 0.0020947826592811218, 0.0, 0.0, 0.013369235013836198, 1.823090702869594E-4, 4.6261650774281297E-4, 0.0013347292673123409
0.0069764470063527016, 0.0017949715893530271, 0.006111246679929303, 2.4301929238691883E-5, 0.011464687375730719, 0.0, 0.09595958644207819, 8.613725257124292E-4, 0.0, 0.002829309234076897, 0.03635813217831114, 4.55387771822506E-5, 8.059475941940255E-5, 0.008833822879661174, 0.0, 7.224224091825658E-5, 0.030379703674681215, 8.897267339140346E-5, 0.0, 0.0, 0.0, 0.0, 0.0022236698874736715, 0.003904019233957258, 0.0, 5.528988157926877E-5, 0.004636701296433647, 0.0, 0.0, 0.0, 8.613725257124292E-4, 0.0, 0.002829309234076897, 0.03635813217831114, 4.974641883638931E-5, 8.059475941940255E-5, 0.008833822879661174, 0.0, 9.694942757929167E-4, 0.0028745425166553902, 0.030379703674681215, 8.897267339140346E-5, 0.0, 0.0, 0.0, 0.0, 0.0022236698874736715, 0.003904019233957258, 0.0, 5.528988157926877E-5, 0.0, 0.0021917911504061804, 0.0, 0.0, 0.0, 0.0, 0.0, 0.0013723223840154918, 0.0, 0.014396825843322405, 0.0, 0.003319849633698717, 0.0, 0.0025695776018260096, 8.980067443415708E-4, 0.0023160015313957727, 6.0538068711715736E-5, 0.004244126040690295, 0.0028705652183670972, 3.75051261105494E-4, 0.0011955802416600465, 5.26449490536305E-5, 3.07762250625791E-5, 7.380367767560154E-4, 0.001029163527850127, 0.0, 5.7501092252345395E-5, 0.0, 5.284581388629039E-4, 0.0, 0.0, 0.0, 0.0, 0.01672375801401692, 0.0, 0.0, 0.0, 0.0, 0.0, 0.001481956206940441, 0.0, 0.0014121885443659948, 7.398121952494913E-4, 0.0014277195911600515, 0.018441814601801693, 4.406920106825413E-5, 3.503444858133957E-5, 9.943616285632409E-5, 0.0, 9.245012767261444E-4, 7.01929421623444E-4, 0.0, 0.0, 0.0, 4.130051330405286E-4, 4.58460932565754E-5, 0.0, 4.7138353149797575E-4, 0.0, 9.79787826969639E-5, 0.0026711264324824117, 0.014396825843322405, 0.0, 0.003319849633698717, 0.0, 0.0025695776018260096, 7.925972446901988E-5, 0.0, 0.0, 0.0, 0.0187474601107762, 0.0, 0.0, 0.0, 0.0, 6.117563758582223E-4, 0.009587483963231176, 4.9057054377245614E-5, 0.0, 3.323166889833105E-5, 0.0, 0.0025695776018260096, 0.0, 6.776961084188618E-5, 8.998968177719646E-4, 0.001133432135861319, 0.0, 0.0, 4.5624009844138494E-4, 0.0057872025064494995, 0.006786998459073912, 4.116707659903687E-4
0.0, 5.0271083662122796E-5, 6.802067363453902E-5, 3.918501482768244E-5, 6.880547724141395E-4, 0.09595958644207819, 0.0, 0.0, 0.0, 0.0022810231072701815, 0.0019460490035330342, 7.34278189025403E-5, 0.018224598520381594, 0.0, 0.0, 1.1648512567717721E-4, 0.0, 0.05563125035411738, 0.0, 0.023091025986521026, 0.0, 0.0, 8.153436293239807E-5, 2.8658060704058293E-4, 3.634598523009647E-4, 8.915073401065804E-5, 0.0, 0.0, 0.0, 0.0, 0.0, 0.0, 0.0022810231072701815, 0.0019460490035330342, 8.021232144090235E-5, 0.018224598520381594, 0.0, 0.0, 9.03407434993572E-4, 1.447419258539972E-4, 0.0, 0.05563125035411738, 0.0, 0.012876144833497642, 0.0, 0.0, 8.153436293239807E-5, 2.8658060704058293E-4, 3.634598523009647E-4, 8.915073401065804E-5, 0.0, 8.036547876819311E-5, 0.0, 0.0, 0.0, 4.260538205957338E-4, 0.0, 0.0, 0.0, 0.0, 0.0, 3.2499357872401563E-4, 0.0, 0.01413123253965081, 2.1875087018147742E-4, 1.7834835463726632E-4, 3.329253515670004E-4, 6.58463601975947E-4, 0.0023142841776210956, 1.2522355771076133E-4, 0.0, 8.488598123249819E-5, 4.962432503083729E-5, 8.053079666756821E-4, 9.375927481453085E-5, 0.0, 3.1622368801953243E-4, 3.041922176511611E-4, 1.5401546923231942E-4, 0.0, 0.0, 0.0, 0.0, 4.140126141729416E-4, 0.0, 0.0, 0.0, 0.0, 0.0, 0.0011002902613861706, 0.0, 8.075976290095689E-5, 0.0, 0.0, 7.624621828962125E-4, 7.105823905347729E-5, 5.6490386983505404E-5, 3.535881325695536E-4, 2.1695187216609654E-4, 3.086760424123075E-4, 0.0, 0.0, 0.0, 0.0, 2.9123556250588056E-4, 0.0644057123512966, 4.260538205957338E-4, 1.5738734669615154E-4, 1.4908204388643266E-4, 1.5798334424684825E-4, 0.0, 0.0, 0.0, 3.2499357872401563E-4, 0.0, 0.01413123253965081, 1.2780028482725297E-4, 0.0, 0.0, 0.0, 2.8516436338454573E-4, 0.0, 0.0, 0.0, 0.0, 6.757322324681494E-5, 3.8072610203023546E-4, 1.7444349971223902E-4, 0.0, 5.358354169085834E-5, 8.207402549401974E-5, 0.01413123253965081, 0.0, 1.9708048918637612E-4, 7.48220752712818E-4, 7.577496730105539E-4, 0.0, 2.6276097933982697E-4, 5.039524758998743E-5, 9.551642855589346E-5, 6.773102623872226E-5, 1.1767983832217792E-4
0.013392367065609548, 0.0011925249701864348, 0.016641375397840528, 0.010576127966987325, 0.005565454161692773, 8.613725257124292E-4, 0.0, 0.0, 0.007066474715545219, 0.0, 0.0, 0.007486929044974323, 0.019772541778004554, 0.0, 0.0, 0.0, 0.0, 0.003872064518459204, 0.008270567354376828, 0.0, 0.0, 0.0036267472232252907, 0.0022006316952332535, 0.0, 0.05722539942841611, 0.0, 0.0, 0.0, 0.0, 0.0023871284049647497, 1.0, 0.007066474715545219, 0.0, 0.0, 0.002164949483415261, 0.019772541778004554, 0.0, 0.0, 0.0, 0.0, 0.0, 0.003872064518459204, 0.008270567354376828, 0.0, 0.0, 0.0021191463508500913, 0.0022006316952332535, 0.0, 0.05722539942841611, 0.0, 0.0, 0.0, 0.0, 0.0, 0.0023871284049647497, 0.0, 0.0, 0.0, 0.002207466745800692, 0.0, 0.0, 0.0, 0.0, 0.0, 0.00235301645155479, 0.0, 0.0, 0.002006377763011317, 0.0, 0.0, 0.0, 0.0, 0.0, 9.750144585832912E-4, 9.226280284832715E-4, 0.0, 0.0, 0.0, 0.0, 0.0, 0.0, 0.0035964446654342583, 0.0, 0.0471663976383659, 0.0, 0.0, 0.0, 0.0, 0.0, 0.0013321598169684422, 0.0, 0.0019157739764080579, 0.0, 0.0, 0.03325396942566219, 0.0, 0.0, 0.006010322910451573, 0.0, 0.0, 0.004221049493746591, 0.0, 0.0, 0.0, 0.0021651458678974707, 0.001995208463927187, 0.0, 0.00571904997952766, 0.0, 0.0, 0.10123609882690712, 0.0, 0.0, 0.0, 0.0, 0.0, 0.0, 0.0, 0.0, 0.002439776450491362, 0.05296607683124536, 0.0, 0.0, 0.0, 0.0, 0.01019848824394274, 0.005660898961093259, 0.00403268058569039, 0.0, 0.0, 0.0, 0.0, 0.0, 9.831044955278352E-4, 0.0, 0.0010831524828833557, 0.0, 0.0, 0.0011954703728630548, 0.0, 0.001828076380693486, 0.003659901639055098
0.0038960212012521017, 0.0, 0.0, 0.0, 0.002165456467138046, 0.0, 0.0, 0.007066474715545219, 0.0, 0.00857092404218548, 0.0, 0.0, 0.008990475360577118, 0.0, 0.0, 0.0, 0.0, 0.0, 0.0114006092826585, 0.04300984724713098, 0.0, 0.0, 0.0034823031010820537, 0.0, 0.0, 0.0, 0.0, 0.0, 0.0, 0.005141484912409141, 0.007066474715545219, 1.0000000000000002, 0.00857092404218548, 0.0, 0.00466294778360358, 0.008990475360577118, 0.0, 0.0, 0.0, 0.0, 0.0, 0.0, 0.0114006092826585, 0.04755861646517452, 0.0, 0.0, 0.0034823031010820537, 0.0, 0.0, 0.0, 0.0, 0.0, 0.0, 0.0, 0.005141484912409141, 0.0, 0.017605253374699276, 0.0, 0.0, 0.0, 0.0, 0.0, 0.0, 0.0, 0.006487057066441118, 0.0014078110296491906, 0.0, 0.002765702517059052, 0.0, 0.0, 0.0, 0.0, 0.005004226116027523, 0.0, 0.0, 0.0, 0.0, 0.0, 0.0, 0.0, 0.0, 0.0, 0.0, 0.010708137069370318, 0.0, 0.0, 0.0, 0.0, 0.0, 0.006455823267669906, 0.0, 0.0, 0.0, 0.0, 0.0, 0.0, 0.0, 0.0, 0.0, 0.0, 0.0, 0.0, 0.0, 0.0, 0.003646962107722004, 0.012826284191453886, 0.0, 0.0060357710417801545, 0.0, 0.0, 0.0, 0.0, 0.0, 0.0, 0.0, 0.0, 0.0, 0.0, 0.0, 0.0, 0.012024832065496378, 0.0, 0.0, 0.0, 0.0, 0.0, 0.0, 0.0, 0.0, 0.0, 0.0, 0.0, 0.0, 0.0021174466026064507, 0.0, 0.0, 0.0, 0.0, 0.0021523627664560897, 0.004079472058183008, 0.0, 0.008470021142272284
0.04442363348842899, 0.0, 0.0, 0.0, 0.008820805751453678, 0.002829309234076897, 0.0022810231072701815, 0.0, 0.00857092404218548, 0.0, 0.004900505795221643, 0.0, 0.0, 0.014011193165459485, 0.0, 0.0, 0.0, 0.0, 0.0, 0.0, 0.0, 0.0, 0.0, 0.0, 0.0, 0.0, 0.0, 0.026436920073028756, 0.0, 0.098417868885456, 0.0, 0.00857092404218548, 0.9999999999999998, 0.004900505795221643, 0.004882809172953163, 0.0, 0.014011193165459485, 0.0, 0.0088879073929378, 0.03901406477482889, 0.0, 0.0, 0.0, 0.0, 0.0, 0.0, 0.0, 0.0, 0.0, 0.0, 0.0, 0.0, 0.026436920073028756, 0.0, 0.098417868885456, 0.0, 0.0, 0.0, 0.0, 0.0, 0.0, 0.0, 0.0, 0.0, 0.0, 0.0, 0.0, 0.0015574622061658152, 0.026316109814437588, 0.0, 0.0, 0.0, 0.0030208090865529225, 0.0014073853132860097, 0.0, 0.0, 0.0, 0.0, 0.0, 0.0, 0.0, 0.01825063104616708, 0.0, 0.005713973001926019, 0.0, 0.0, 0.0, 0.0, 0.0, 0.008683127078600264, 0.0, 0.0, 0.0, 0.0, 0.0019200186321807636, 0.0, 0.0, 0.0, 0.0, 0.0, 0.0, 0.0, 0.0, 0.0, 0.0, 0.0, 0.0, 0.0, 0.0, 0.0, 0.0, 0.0, 0.0, 0.0, 0.0, 0.0, 0.0, 0.0, 0.0, 0.012380966197256489, 0.006416575108239717, 0.0, 0.0, 0.0, 0.0, 0.009255200246971663, 0.0, 0.0, 0.0, 0.0, 0.0, 0.0, 0.0, 0.002217285754475064, 0.001769764556039531, 0.0015634772213268535, 0.0, 0.0, 0.0, 0.0, 0.0, 0.0
0.0, 0.0, 0.0, 0.0, 0.05347130493724431, 0.03635813217831114, 0.0019460490035330342, 0.0, 0.0, 0.004900505795221643, 0.0, 0.0, 0.0, 0.0, 0.0, 0.0, 0.0, 0.0, 0.0, 0.0, 0.0, 0.04710501343796501, 0.009527434106990954, 0.04773415289498325, 0.04062910455413324, 0.01851985866688511, 0.05646796655067758, 0.0801940993359014, 0.0, 0.0, 0.0, 0.0, 0.004900505795221643, 0.9999999999999999, 0.0, 0.0, 0.0, 0.0, 0.025293142991320627, 0.005008520511945485, 0.0, 0.0, 0.0, 0.0, 0.0, 0.036698602977550156, 0.009527434106990954, 0.04773415289498325, 0.04062910455413324, 0.01851985866688511, 0.008579427909402358, 0.04278052946297663, 0.0801940993359014, 0.0, 0.0, 0.0, 0.0, 0.0, 0.0, 0.0, 0.0, 0.0, 0.0, 0.0, 0.0, 0.0, 0.0, 0.0013287448797380127, 0.004971963233548515, 0.0305084211463628, 0.0, 0.0, 0.0, 0.0012007071641571305, 0.0, 0.0, 0.0, 0.0, 0.0, 0.0, 0.0, 0.0, 0.0, 0.0, 0.0, 0.0, 0.0, 0.0, 0.0, 0.0016405231963025492, 0.0, 0.0, 0.0, 0.0, 0.0016380589631079352, 0.0, 0.0, 0.0, 0.0, 0.0, 0.0, 0.0, 0.0, 0.0, 0.0, 0.0, 0.0, 0.005392200643873872, 0.0, 0.0, 0.0, 0.0, 0.0, 0.0, 0.0, 0.0, 0.0, 0.0, 0.0, 0.0, 0.0, 0.0, 0.0, 0.0, 0.0, 0.0, 0.0, 0.0, 0.0, 0.0, 0.0, 0.0, 0.0, 0.0, 0.001509870084082788, 0.006023286406585659, 0.0, 0.0, 0.0, 0.0, 0.0, 0.0
0.0, 6.304604254317752E-5, 7.451969045283239E-4, 4.914276621696342E-5, 0.0021478019272018825, 4.55387771822506E-5, 7.34278189025403E-5, 0.007486929044974323, 0.0, 0.0, 0.0, 0.0, 0.009688384227892014, 0.0, 0.0, 1.4608649056483428E-4, 0.0, 0.0029634553220146075, 0.0, 0.0, 0.0, 0.0026071840731022966, 0.015922082485454254, 1.053773663494879E-4, 0.0, 1.1180584462766103E-4, 0.0, 0.0, 0.0, 0.0, 0.007486929044974323, 0.0, 0.0, 0.0, 0.562811790311954, 0.009688384227892014, 0.0, 0.0, 0.0, 8.231137761668916E-5, 0.0, 0.0029634553220146075, 0.0, 0.0, 0.0, 0.0015234049340763778, 0.015922082485454254, 1.053773663494879E-4, 0.0, 1.1180584462766103E-4, 0.0, 1.0078806789756758E-4, 0.0, 0.0, 0.0, 0.0, 0.0, 0.0, 0.0, 0.0, 0.0, 4.07581406603571E-4, 0.0, 0.005196136904301111, 1.2439854847343592E-4, 1.2401645539376907E-4, 1.2241860013277085E-4, 5.013585897371998E-5, 0.0, 4.604543500951017E-5, 0.0, 1.0645732684166815E-4, 6.223492869376759E-5, 9.060954584869055E-5, 0.0, 0.0, 0.025413857535139143, 0.0, 1.9315409810519754E-4, 0.0, 0.0, 0.0, 0.0, 0.002056693744134323, 0.0, 0.0, 0.0, 0.0, 0.0, 1.2379959594524707E-4, 0.0, 1.012825480718045E-4, 0.0, 0.0, 0.0, 0.012497580055024448, 7.084580402085273E-5, 0.004521758469317599, 0.0, 1.135019872436293E-4, 0.0, 0.0, 0.0, 0.0, 1.0708902071602971E-4, 9.270884713473316E-5, 0.0, 5.787224844989458E-5, 0.0, 1.9813029513037685E-4, 0.0, 0.0, 0.0, 4.07581406603571E-4, 0.0, 0.005196136904301111, 1.602770739617066E-4, 0.0, 0.0, 0.0, 0.0022434917474363834, 0.0, 0.0, 0.0, 0.0, 8.47450263103883E-5, 1.3999521581992887E-4, 0.0022308197011845624, 0.0, 6.720026709114568E-5, 0.0, 0.005196136904301111, 0.0, 1.3704204754719584E-4, 5.697002845206735E-5, 5.032948675527688E-5, 0.0, 0.0, 6.320175918400221E-5, 1.1978919847404276E-4, 0.009325141080366866, 0.0026310180101219304
0.005506231922375855, 0.006180441994936401, 0.0013188532709207793, 8.69731175391295E-5, 0.0038011907722202464, 8.059475941940255E-5, 0.018224598520381594, 0.019772541778004554, 0.008990475360577118, 0.0, 0.0, 0.009688384227892014, 0.0, 0.0, 0.0, 2.58544613843664E-4, 0.0, 0.07452108330235903, 0.010522408274375512, 0.10043278549159076, 0.045869456568468324, 0.004614207629968532, 0.0029807709237721328, 1.8649739880361653E-4, 0.0, 1.9787455234879684E-4, 0.0, 0.0, 0.0, 0.0, 0.019772541778004554, 0.008990475360577118, 0.0, 0.0, 0.002932439119902664, 1.0, 0.0, 0.0, 0.0, 1.456750946549857E-4, 0.0, 0.07452108330235903, 0.010522408274375512, 0.08296178788667716, 0.045869456568468324, 0.0026961297987612882, 0.0029807709237721328, 1.8649739880361653E-4, 0.0, 1.9787455234879684E-4, 0.0, 1.7837523506706988E-4, 0.0, 0.0, 0.0, 0.0, 0.0, 0.0, 0.0, 0.0, 0.0, 7.213396459367345E-4, 0.0, 0.009196149515311388, 2.201611836482773E-4, 0.008178100814740394, 2.1665706100703645E-4, 0.0026413882209570198, 0.0, 8.149144501841458E-5, 0.0, 1.884087183742187E-4, 1.101436932635261E-4, 1.6036123498772506E-4, 0.012020054763290412, 0.0, 2.0578815804998859E-4, 0.0, 3.4184510500487526E-4, 0.0, 0.0, 0.0, 0.0, 0.0066367845655807165, 0.0, 0.0, 0.0, 0.0, 0.0, 2.19101154418247E-4, 0.0, 1.7925036859383972E-4, 0.0, 0.0, 0.0, 1.577173469118006E-4, 1.253832642032436E-4, 0.008002631131899161, 0.0, 2.0087639417533233E-4, 0.0, 0.0, 0.0, 0.0, 1.895266934051935E-4, 1.6407658907859843E-4, 0.0, 0.00567325180507824, 0.0, 3.506520038037343E-4, 0.0, 0.0, 0.0, 7.213396459367345E-4, 0.0, 0.009196149515311388, 2.836591804978091E-4, 0.0, 0.0, 0.0, 0.007335878049381897, 0.0, 0.0, 0.0, 0.0, 1.4998217848806838E-4, 2.477642448263229E-4, 0.003948116050755749, 0.0, 1.1893137440768701E-4, 0.0, 0.009196149515311388, 0.0, 2.4253771260053668E-4, 1.0082584604402783E-4, 8.907338158224737E-5, 0.0, 0.0, 1.1185479478142485E-4, 2.1200353258105215E-4, 1.5033243019075458E-4, 0.004656389052900179
0.0, 0.0, 0.0, 0.0, 0.004623606073897391, 0.008833822879661174, 0.0, 0.0, 0.0, 0.014011193165459485, 0.0, 0.0, 0.0, 0.0, 0.0, 0.0, 0.0, 0.0, 0.0, 0.0, 0.0, 0.0, 0.0, 0.0, 0.003172989886443593, 0.015061538537178242, 0.0, 0.0, 0.0, 0.025920081267479637, 0.0, 0.0, 0.014011193165459485, 0.0, 0.0, 0.0, 0.9999999999999998, 0.0, 0.038942183905821444, 0.01110215356038216, 0.0, 0.0, 0.0, 0.0, 0.0, 0.0, 0.0, 0.0, 0.003172989886443593, 0.015061538537178242, 0.02790936721681577, 0.0, 0.0, 0.0, 0.025920081267479637, 0.0, 0.0, 0.0, 0.0, 0.0, 0.0, 0.0, 0.0, 0.0, 0.0, 0.0055688162766384915, 0.0, 0.00972558609382548, 0.017363568492501712, 0.0, 0.0, 0.014341031420409992, 0.0, 0.0, 8.185146966395833E-4, 0.0, 0.0, 0.0, 0.0010804188700164735, 0.0, 0.0, 0.0, 0.0, 0.014742270579137351, 0.0, 0.0, 0.0, 0.0, 0.0, 0.005729192985646239, 0.0, 0.0, 0.0, 0.0, 0.001037160277091511, 0.0, 0.0, 0.0, 0.0018939811147504844, 0.0019046402329335774, 0.0, 0.0, 0.0, 0.0, 0.0, 0.0, 0.0, 9.711355320272938E-4, 0.0, 0.0, 0.0, 0.0, 0.0, 0.0, 0.0, 0.0, 0.0, 0.0, 0.0, 0.0, 0.016555011093881994, 0.0, 0.0, 0.0, 0.0, 0.0, 0.0, 0.0, 0.0, 0.0, 7.165029402383517E-4, 0.0, 0.0, 7.665527970058688E-4, 0.0, 8.445628812757056E-4, 0.0, 0.0, 0.0, 0.0, 0.0, 0.0
0.0, 0.0, 0.0, 0.0, 0.0, 0.0, 0.0, 0.0, 0.0, 0.0, 0.0, 0.0, 0.0, 0.0, 0.0, 0.0, 0.0, 0.0, 0.0, 0.0, 0.0, 0.0, 0.0, 0.0, 0.0, 0.0, 0.0, 0.0, 0.0, 0.0, 0.0, 0.0, 0.0, 0.0, 0.0, 0.0, 0.0, 1.0, 0.0, 0.0, 0.0, 0.0, 0.0, 0.0, 0.0, 0.0, 0.0, 0.0, 0.0, 0.0, 0.0, 0.0, 0.0, 0.0, 0.0, 0.0, 0.0, 0.0, 0.0, 0.0, 0.0, 0.0, 0.0, 0.0, 0.0, 0.0, 0.0, 0.0, 0.0, 0.0, 0.0, 0.0, 0.0, 0.0, 0.028274350520877883, 0.0, 0.0, 0.0, 0.00933035838135593, 0.0, 0.0, 0.0, 0.0, 0.0, 0.0, 0.0, 0.0, 0.0, 0.0, 0.0, 0.0, 0.0, 0.0, 0.0, 0.0, 0.0, 0.0, 0.0, 0.0, 0.0, 0.0, 0.0, 0.0, 0.0, 0.0, 0.0, 0.0, 0.0, 0.0, 0.0, 0.0, 0.0, 0.0, 0.0, 0.0, 0.0, 0.011613337912949823, 0.0, 0.0, 0.0, 0.0, 0.0, 0.0, 0.0, 0.0, 0.0, 0.0, 0.0, 0.0, 0.0, 0.0, 0.0, 0.0, 0.0, 0.008255855625144446, 0.0, 0.021891039352026676, 0.0, 0.0, 0.0, 0.0, 0.0
0.012635105458982361, 0.014026185499600188, 0.009556922624358973, 7.795957151478294E-5, 2.2233133384000987E-4, 7.224224091825658E-5, 1.1648512567717721E-4, 0.0, 0.0, 0.0, 0.0, 1.4608649056483428E-4, 2.58544613843664E-4, 0.0, 0.0, 0.0, 0.0, 2.854206110959735E-4, 0.0, 0.0, 0.0, 0.0, 1.6221466358741954E-4, 0.012043031160237715, 0.0, 0.012777708509832784, 0.0, 0.0, 0.0, 0.02450092842991444, 0.0, 0.0, 0.0, 0.0, 1.5958442882407938E-4, 2.58544613843664E-4, 0.0, 0.0, 0.0, 0.3523334045207308, 0.0, 2.854206110959735E-4, 0.0, 0.0, 0.0, 0.0, 1.6221466358741954E-4, 0.012043031160237715, 0.0, 0.012777708509832784, 0.0, 0.011518544107896652, 0.0, 0.0, 0.02450092842991444, 0.0, 0.0, 0.0, 0.0, 0.0, 0.0, 6.465828902655192E-4, 0.0, 0.00824309736255006, 1.9734455918157866E-4, 1.9673841070719117E-4, 0.02723511143284972, 7.953500350103632E-5, 0.0, 7.304599760837413E-5, 0.0, 1.6888279240416103E-4, 9.872884144939349E-5, 1.4374203801076707E-4, 0.0, 0.0, 1.844610964666832E-4, 0.0, 0.010182712316797538, 0.0, 0.0, 0.0, 0.0, 3.734985683567366E-4, 0.0, 0.0, 0.0, 0.0, 0.0, 1.9639438714101533E-4, 0.08364187657721175, 1.6067357736320736E-4, 0.0, 0.0, 0.0, 1.4137215191993696E-4, 1.1238904421256336E-4, 0.01574112470467529, 0.0, 1.800583681537914E-4, 0.0, 0.0, 0.0, 0.0, 1.6988490497463213E-4, 1.4707234766443532E-4, 0.0, 9.180793103570687E-5, 0.0, 3.1431183267680734E-4, 0.0, 0.0, 0.0, 6.465828902655192E-4, 0.0, 0.00824309736255006, 0.012547117377485331, 0.0, 0.0, 0.0, 3.1456855184735556E-4, 0.0, 0.0, 0.0, 0.0, 1.3443862541230616E-4, 2.2208694950659623E-4, 1.573729765017346E-4, 0.0, 1.0660580246897636E-4, 0.0, 0.00824309736255006, 0.0, 2.174020741754667E-4, 9.037665864594872E-5, 0.007800136694726662, 0.0, 0.0, 1.0026261125008697E-4, 1.9003233444176912E-4, 1.3475257842947215E-4, 0.0
0.0, 0.0, 0.0, 0.0, 0.0, 0.030379703674681215, 0.0, 0.0, 0.0, 0.0, 0.0, 0.0, 0.0, 0.0, 0.0, 0.0, 0.0, 0.0, 0.0, 0.03868745873466427, 0.0, 0.0, 0.0, 0.0, 0.0, 0.0, 0.0, 0.0, 0.07720275189824681, 0.04162299991830279, 0.0, 0.0, 0.0, 0.0, 0.0, 0.0, 0.0, 0.0, 0.0, 0.0, 0.9999999999999998, 0.0, 0.0, 0.042779087342536375, 0.0, 0.0, 0.0, 0.0, 0.0, 0.0, 0.0, 0.0, 0.0, 0.07720275189824681, 0.04162299991830279, 0.0, 0.0, 0.0, 0.0, 0.0, 0.0, 0.0, 0.0, 0.0, 0.0, 0.0, 0.0, 0.0, 0.0, 0.0, 0.0, 0.0, 0.0, 0.0, 0.0, 0.0, 0.0, 0.0, 0.0, 0.0, 0.0, 0.0, 0.0, 0.0, 0.0, 0.0, 0.0, 0.0, 0.0, 0.0, 0.0, 0.0, 0.0, 0.0, 0.0, 0.0, 0.0, 0.0, 0.0, 0.0, 0.0, 0.0, 0.0, 0.0, 0.0, 0.0, 0.0, 0.0, 0.0, 0.0, 0.0, 0.0, 0.0, 0.0, 0.0, 0.0, 0.0, 0.0, 0.0, 0.0, 0.0, 0.0, 0.0, 0.0, 0.0, 0.0, 0.0, 0.0, 0.0, 0.0, 0.0, 0.0, 0.0, 0.0, 0.0, 0.0, 0.0, 0.0, 0.0, 0.0, 0.0, 0.0
0.0, 0.04776568647927665, 0.0014559495204171985, 9.601406885989406E-5, 2.73820591650878E-4, 8.897267339140346E-5, 0.05563125035411738, 0.003872064518459204, 0.0, 0.0, 0.0, 0.0029634553220146075, 0.07452108330235903, 0.0, 0.0, 2.854206110959735E-4, 0.0, 0.0, 0.0, 0.0, 0.0, 0.005093859593090095, 0.0032906253429614857, 2.0588400873253077E-4, 0.0, 2.1844382991434677E-4, 0.0, 0.0457315640974425, 0.0, 0.0, 0.003872064518459204, 0.0, 0.0, 0.0, 0.0032372693948691535, 0.07452108330235903, 0.0, 0.0, 0.0, 1.6081818112456008E-4, 0.0, 1.0000000000000002, 0.0, 0.0, 0.0, 0.0029763954596316936, 0.0032906253429614857, 2.0588400873253077E-4, 0.0, 2.1844382991434677E-4, 0.0, 1.969175371335189E-4, 0.0457315640974425, 0.0, 0.0, 0.0, 0.0, 0.0, 0.0, 0.0, 0.0, 7.963236962867462E-4, 0.0, 0.010152099381877883, 2.430471810737515E-4, 2.4230065591682293E-4, 2.3917880102610926E-4, 9.795435191010975E-5, 0.0, 8.996257044563385E-5, 0.0, 2.0799401207675374E-4, 1.2159325144035871E-4, 0.008735986217759867, 0.0, 0.0, 2.2718006364061776E-4, 0.0, 3.773802800226071E-4, 0.0, 0.0, 0.0, 0.0, 0.004018323549415126, 0.0, 0.0, 0.0, 0.0, 0.0, 2.4187696063822625E-4, 0.0, 1.9788364175386987E-4, 0.0, 0.0, 0.0, 1.7411223876132183E-4, 1.3841699255718107E-4, 3.9286060352979E-4, 0.0, 2.2175771650361173E-4, 0.0, 0.0, 0.0, 0.0, 2.0922820184302677E-4, 1.8113253115253076E-4, 0.0, 1.1306954157226561E-4, 0.0, 3.87102665647514E-4, 0.0, 0.0, 0.0, 7.963236962867462E-4, 0.0, 0.010152099381877883, 3.1314586460356005E-4, 0.0, 0.0, 0.0, 0.004383285429516694, 0.0, 0.0, 0.0, 0.0, 1.655729910639518E-4, 2.7351961085069225E-4, 1.9381866150532687E-4, 0.0, 0.012826735588023771, 0.0, 0.010152099381877883, 0.0, 2.677497748459139E-4, 1.113068037439613E-4, 9.83326576625681E-5, 0.0, 0.0, 1.2348222384487076E-4, 2.3404153319696755E-4, 1.6595965181673993E-4, 0.0
0.0, 0.0, 0.0, 0.0, 0.0, 0.0, 0.0, 0.008270567354376828, 0.0114006092826585, 0.0, 0.0, 0.0, 0.010522408274375512, 0.0, 0.0, 0.0, 0.0, 0.0, 0.0, 0.0, 0.0, 0.0, 0.0, 0.0, 0.0, 0.0, 0.0, 0.0, 0.0, 0.0, 0.008270567354376828, 0.0114006092826585, 0.0, 0.0, 0.0, 0.010522408274375512, 0.0, 0.0, 0.0, 0.0, 0.0, 0.0, 1.0, 0.0, 0.0, 0.0, 0.0, 0.0, 0.0, 0.0, 0.0, 0.0, 0.0, 0.0, 0.0, 0.0, 0.0, 0.0, 0.0, 0.0, 0.0, 0.0, 0.0, 0.0, 0.0, 0.0, 0.0, 0.003236964663467498, 0.0, 0.0, 0.0, 0.0, 0.0, 0.0, 0.0, 0.0, 0.0, 0.0, 0.0, 0.0, 0.0, 0.0, 0.0, 0.0038002188168970883, 0.0, 0.0, 0.0, 0.0, 0.0, 0.0, 0.0, 0.0, 0.0, 0.0, 0.0, 0.0, 0.0, 0.0, 0.0, 0.0, 0.0, 0.0, 0.0, 0.0, 0.04647798706118858, 0.0, 0.0, 0.0, 0.0, 0.0, 0.0, 0.0, 0.0, 0.0, 0.0, 0.0, 0.0, 0.0, 0.0, 0.0, 0.0042675016942058976, 0.0, 0.0, 0.0, 0.0, 0.0, 0.0, 0.0, 0.0, 0.0, 0.0, 0.0, 0.0, 0.0, 0.0, 0.0, 0.0, 0.0, 0.0, 0.0, 0.0, 0.0
0.0034831674819565854, 0.0038390801213099932, 0.0, 0.0, 0.0, 0.0, 0.023091025986521026, 0.0, 0.04300984724713098, 0.0, 0.0, 0.0, 0.10043278549159076, 0.0, 0.0, 0.0, 0.03868745873466427, 0.0, 0.0, 0.0, 0.011334529233952095, 0.010261705210263967, 0.0, 2.843999175721413E-4, 5.103185148346691E-4, 0.0, 0.0, 0.0, 0.0, 0.006754263940405369, 0.0, 0.04300984724713098, 0.0, 0.0, 0.0, 0.10043278549159076, 0.0, 0.0, 1.709994530783057E-4, 1.1107389480487597E-4, 0.03868745873466427, 0.0, 0.0, 0.9714900149518536, 0.011334529233952095, 0.0059960217272852405, 0.0, 2.843999175721413E-4, 5.103185148346691E-4, 0.0, 0.0, 0.0, 0.0, 0.0, 0.006754263940405369, 5.982040425912381E-4, 0.0, 0.0, 0.0, 0.0, 0.0, 0.0, 0.0, 0.014023703177166932, 1.6786781714872082E-4, 0.005146080370897715, 3.3039200914918433E-4, 0.0, 0.0, 1.2427068900020693E-4, 0.043307474147062056, 0.0, 0.0, 2.4454347516289E-4, 0.01201246104207476, 0.0, 3.138174342494079E-4, 4.271033506266378E-4, 0.0, 0.0, 0.0, 0.026050471920666243, 0.0, 3.177102507322143E-4, 0.0, 0.0, 0.0, 0.0, 0.0, 3.3411913869171937E-4, 0.0, 0.0, 0.0, 0.05171625218359795, 0.053527035562513814, 0.0, 0.0, 2.7134094568355877E-4, 3.0461289326317567E-4, 3.063272212488662E-4, 0.0, 0.0, 0.0, 0.0, 2.8901945189549895E-4, 0.0, 5.982040425912381E-4, 0.0036802205781095083, 2.0931975496881952E-4, 0.0, 0.0, 0.0, 0.0, 0.0, 0.0, 0.014023703177166932, 0.0, 0.0, 0.0, 0.01767226631542061, 1.7838828480584064E-4, 0.0, 0.0, 0.0, 0.0, 0.0, 3.778290274178539E-4, 1.3386666525341497E-4, 0.0, 0.0, 0.006771305393617266, 0.014023703177166932, 0.0, 1.2328626907438795E-4, 0.0, 1.358327919980179E-4, 0.0, 3.689315116492379E-4, 0.0, 0.0, 0.010344906753021608, 1.6522925417586325E-4
0.0, 0.0, 0.0, 0.0, 0.0, 0.0, 0.0, 0.0, 0.0, 0.0, 0.0, 0.0, 0.045869456568468324, 0.0, 0.0, 0.0, 0.0, 0.0, 0.0, 0.011334529233952095, 0.0, 0.01852713084219739, 0.0, 0.0, 0.0, 0.0, 0.0, 0.0, 0.09047447177482053, 0.012194574800439725, 0.0, 0.0, 0.0, 0.0, 0.0, 0.045869456568468324, 0.0, 0.0, 0.0, 0.0, 0.0, 0.0, 0.0, 0.012533281635562988, 1.0000000000000002, 0.01082559640896315, 0.0, 0.0, 0.0, 0.0, 0.0, 0.0, 0.0, 0.09047447177482053, 0.012194574800439725, 0.0, 0.0, 0.0, 0.0, 0.0, 0.0, 0.0, 0.0, 0.0, 0.0, 0.0059360825644423545, 0.0, 0.0, 0.0, 0.0, 0.0, 0.04681591624180773, 0.0, 0.0, 0.01372824236414944, 0.0, 0.051134370287943466, 0.0, 0.0, 0.0, 0.0, 0.0, 0.0, 0.025884338841902728, 0.0, 0.0, 0.0, 0.0, 0.0, 0.0, 0.0, 0.0, 0.0, 0.0, 0.0, 0.0, 0.0, 0.0, 0.0, 0.016298413755671284, 0.0, 0.0, 0.0, 0.0, 0.0, 0.0, 0.0, 0.0, 0.0, 0.0, 0.0, 0.0, 0.0, 0.0, 0.0, 0.0, 0.0, 0.0, 0.0, 0.0, 0.02906713144255523, 0.0, 0.0, 0.0, 0.0, 0.0, 0.0, 0.0, 0.0, 0.0, 0.0, 0.0, 0.0, 0.0, 0.0, 0.0, 0.0216916506672534, 0.0, 0.009075510008966671, 0.017201231164344744, 0.0, 0.0
0.0, 0.0, 0.0012075969271063565, 0.0, 0.0, 0.0, 0.0, 0.0036267472232252907, 0.0, 0.0, 0.04710501343796501, 0.0026071840731022966, 0.004614207629968532, 0.0, 0.0, 0.0, 0.0, 0.005093859593090095, 0.0, 0.010261705210263967, 0.01852713084219739, 0.0, 0.013072830109649304, 0.0, 0.018820589665874462, 0.0, 0.043432315556570636, 0.0, 0.0, 0.011040346641992249, 0.0036267472232252907, 0.0, 0.0, 0.04710501343796501, 0.0028480797884634897, 0.004614207629968532, 0.0, 0.0, 0.0, 0.0, 0.0, 0.005093859593090095, 0.0, 0.01134699455149034, 0.01852713084219739, 0.7509265006383952, 0.013072830109649304, 0.0, 0.018820589665874462, 0.0, 0.0, 0.020063797799041504, 0.0, 0.0, 0.011040346641992249, 0.0, 0.0, 0.0, 0.0, 0.0, 0.0, 0.0, 0.0, 0.0, 0.0, 0.0, 0.0, 0.0, 0.0, 0.032591028922674556, 0.0, 0.0, 0.0, 0.0, 0.0, 0.0, 0.0, 0.0, 0.0, 0.0, 0.0, 0.0, 0.0, 0.04499397395421483, 0.0, 0.0, 0.0, 0.0, 0.0, 0.0, 0.0, 0.0, 0.0, 0.0, 0.0, 0.0, 0.0, 0.0, 0.0, 0.0, 0.0, 0.0, 0.0, 0.0, 0.03789888585845882, 0.0, 0.0, 0.011520580910973103, 0.0, 0.0, 0.0, 0.0, 0.0, 0.0, 0.0, 0.0, 0.0, 0.0, 0.0, 0.0, 0.003742705731398191, 0.0, 0.0, 0.0, 0.0, 0.0, 0.0, 0.0, 0.0, 0.0, 0.0, 0.0, 0.0, 0.0, 0.0, 0.01001904954278604, 0.0, 0.0, 0.0, 0.0, 0.0, 0.0
0.013107895439867392, 0.003078554036850387, 0.002862866872926997, 5.456820311596189E-5, 0.020219327354291404, 0.0022236698874736715, 8.153436293239807E-5, 0.0022006316952332535, 0.0034823031010820537, 0.0, 0.009527434106990954, 0.015922082485454254, 0.0029807709237721328, 0.0, 0.0, 1.6221466358741954E-4, 0.0, 0.0032906253429614857, 0.0, 0.0, 0.0, 0.013072830109649304, 0.0, 0.005145603173200026, 0.05709963169816697, 1.2414938166602202E-4, 0.010411373337759515, 0.0, 0.0, 0.0, 0.0022006316952332535, 0.0034823031010820537, 0.0, 0.009527434106990954, 0.017393233483170144, 0.0029807709237721328, 0.0, 0.0, 0.0, 9.139868017831888E-5, 0.0, 0.0032906253429614857, 0.0, 0.0, 0.0, 0.01358559166063596, 1.0000000000000002, 0.005145603173200026, 0.05709963169816697, 1.2414938166602202E-4, 0.0, 0.004921506581161047, 0.0, 0.0, 0.0, 0.0, 0.0, 0.0, 0.0, 0.0, 0.0, 4.5257902014795063E-4, 0.0, 0.005769798402483354, 1.3813233936526116E-4, 9.529491612431647E-4, 1.3593380168556442E-4, 5.567093483896727E-5, 0.0, 5.1128921784106905E-5, 0.0, 0.00351895691101436, 0.0012964381691931732, 1.0061297893340135E-4, 0.0, 0.0, 1.2911449336375992E-4, 0.0, 2.1447860732037017E-4, 0.0, 0.0, 0.0053383247716145025, 0.0, 0.009967877999171131, 0.0, 0.0, 0.0, 0.0, 0.0, 1.3746726155766014E-4, 0.0, 1.1246429700118558E-4, 0.0, 0.0, 0.001974399778155227, 0.013877332095830643, 7.866728964046505E-5, 2.2327662460545583E-4, 0.0, 1.2603278103294341E-4, 0.0, 0.0, 0.0, 0.0, 0.0022308098823560257, 0.009244480403316779, 0.0, 0.00191297259362506, 0.0024775749352497368, 2.2000418414313552E-4, 0.0, 0.0, 0.0, 4.5257902014795063E-4, 0.0, 0.005769798402483354, 1.7797190919536477E-4, 0.0, 0.0, 0.0036214429177897833, 0.01112015456186146, 0.0, 0.0, 0.0, 0.0, 9.410100742714253E-5, 1.5545090275133558E-4, 1.1015402444947702E-4, 0.0, 7.461927983229258E-5, 0.0, 0.005769798402483354, 0.0, 1.521717001637026E-4, 6.325960712853482E-5, 5.588593942512024E-5, 0.0, 0.0, 0.0063021754912186805, 0.002495371850154587, 9.432076045652306E-5, 0.001207348988389233
0.0020253665888347143, 0.003172589302334971, 0.0021951883914701755, 5.623500363516795E-5, 1.6037547569555167E-4, 0.003904019233957258, 2.8658060704058293E-4, 0.0, 0.0, 0.0, 0.04773415289498325, 1.053773663494879E-4, 1.8649739880361653E-4, 0.0, 0.0, 0.012043031160237715, 0.0, 2.0588400873253077E-4, 0.0, 2.843999175721413E-4, 0.0, 0.0, 0.005145603173200026, 0.0, 0.015893036674840544, 0.009217014287505525, 0.01072939155155607, 0.09213960600846105, 0.0, 0.0, 0.0, 0.0, 0.0, 0.04773415289498325, 1.1511390789694864E-4, 1.8649739880361653E-4, 0.0, 0.0, 0.005325498683957521, 0.010244773938926916, 0.0, 2.0588400873253077E-4, 0.0, 3.1447836875177367E-4, 0.0, 0.0, 0.005145603173200026, 0.9999999999999996, 0.015893036674840544, 0.009217014287505525, 0.0, 0.013265235974458101, 0.09213960600846105, 0.0, 0.0, 6.114362404949821E-4, 0.0, 0.02619847857920816, 0.0, 0.0, 0.0, 0.05999654894356325, 0.0, 0.020279944175886046, 3.139326610937279E-4, 2.559504038841798E-4, 4.7778617509629083E-4, 0.004133083829526509, 0.08303160003488967, 0.0018100765840177516, 0.0, 1.2182114729766613E-4, 0.009987418029440915, 0.004036616171143687, 0.001861647940825142, 0.0, 4.5381736675372767E-4, 4.3655082282418966E-4, 2.2102991437514865E-4, 0.0, 0.0, 0.0, 0.0, 5.941557242074354E-4, 0.0, 0.0, 0.0, 0.0, 0.0, 0.0026749101295390062, 0.0, 0.008349498147987081, 0.0034238715025931943, 0.0, 0.0021884418732722234, 1.0197674669904586E-4, 8.107020327386094E-5, 5.074396426246579E-4, 3.113508920072674E-4, 0.004461838384342381, 0.0, 0.0, 0.0, 0.0, 4.179565323180207E-4, 1.0608850003714944E-4, 6.114362404949821E-4, 0.018087778957151558, 2.1394988152382047E-4, 2.2672427143605975E-4, 0.0, 0.0, 0.0, 0.05999654894356325, 0.0, 0.020279944175886046, 1.8340810928464636E-4, 0.0, 0.0, 0.0, 4.0924366322356016E-4, 0.0, 0.0, 0.0, 0.0, 9.69753481435495E-5, 5.463857504157003E-4, 2.5034648790075173E-4, 0.0, 7.68985459115318E-5, 1.1778566736048476E-4, 0.020279944175886046, 0.0, 2.8283317167426527E-4, 6.519188893342663E-5, 1.9643038676543388E-4, 0.0, 3.7709223011232914E-4, 7.232297713502601E-5, 1.3707706200137253E-4, 0.0016010218718198815, 1.688841044193896E-4
0.0, 0.0, 0.0, 0.0, 0.0, 0.0, 3.634598523009647E-4, 0.05722539942841611, 0.0, 0.0, 0.04062910455413324, 0.0, 0.0, 0.003172989886443593, 0.0, 0.0, 0.0, 0.0, 0.0, 5.103185148346691E-4, 0.0, 0.018820589665874462, 0.05709963169816697, 0.015893036674840544, 0.0, 0.0, 0.0, 0.0, 0.0, 0.0, 0.05722539942841611, 0.0, 0.0, 0.04062910455413324, 0.0, 0.0, 0.003172989886443593, 0.0, 3.1362336702643975E-4, 0.0062071096884319076, 0.0, 0.0, 0.0, 5.642903677998638E-4, 0.0, 0.02199413494046385, 0.05709963169816697, 0.015893036674840544, 1.0, 0.0, 0.0, 0.0, 0.0, 0.0, 0.0, 0.001097142491563288, 0.0, 0.0, 0.0, 0.0, 0.0, 0.0, 0.0, 0.02572032207955909, 3.07879756816835E-4, 2.0462273124820208E-4, 0.05529375702111137, 0.0, 0.004639807180481077, 0.04996107256974562, 0.0, 0.0, 0.0, 4.485075635289395E-4, 0.0014478165299400452, 0.0, 5.75560205539535E-4, 7.833334462798589E-4, 0.0015923841286189682, 0.0, 0.0, 0.0, 0.0, 0.0020384414033987166, 0.0, 0.0, 0.0, 0.0, 0.0, 0.029796085135893796, 0.0, 0.0, 0.0, 0.0, 0.0015286271000148227, 0.0, 0.0, 4.976557495680804E-4, 0.0033501379713618885, 0.0033689921807773388, 0.0, 0.0, 0.0, 0.0, 0.04305421074469553, 0.0, 0.001097142491563288, 0.0017177774349729873, 3.839051245877878E-4, 0.0, 0.0, 0.0, 0.0, 0.0, 0.0, 0.02572032207955909, 0.0, 0.0, 0.0, 0.0, 0.001961917501823656, 0.0, 0.0, 0.0, 0.0, 0.0, 6.929613493257755E-4, 2.4551958227697797E-4, 0.0, 0.0, 0.0012673746786546864, 0.02572032207955909, 0.0, 0.0013559045611927034, 0.0, 0.0014938914415402143, 0.0, 6.766427658257082E-4, 0.0, 0.03424842949773394, 0.012142839258215339, 3.0304047231175565E-4
