0.0, 0.03449223777729012, 0.0016679487800288987, 0.0012761515026256602, 3.5138768261151956E-5, 4.2041728778531574E-5, 0.04886571038435157, 0.09494064734109973, 0.0, 0.02030260781605279, 0.04648395274833726, 6.403144853024948E-4, 0.10905033566179208, 0.002508919705327006, 0.017007630492703353, 6.734274383333302E-4, 0.0010494240396454256, 0.0016179879392964219, 2.366314867500727E-4, 3.6316681185764455E-5, 0.0, 3.917702421973013E-5, 0.0022401586623400234, 9.91017334666982E-5, 2.0661427250898208E-4, 0.0, 3.308503968238796E-5, 0.0225224906011123, 0.0, 3.9014011479642686E-5, 3.125349781569049E-4, 0.07133272199334968, 1.6801336620885933E-4, 4.1469233562475486E-4, 2.1384151716288382E-4, 5.184937200044126E-5, 0.0, 0.0, 0.004509836323121545, 8.861028270152431E-4, 6.013709740827327E-4, 1.0380932834464358E-4, 0.0028439526823823397, 0.0017837861425851898, 3.4168506593171814E-4, 0.009700876981342922, 0.0, 5.27961440651372E-4, 0.007663171203817597, 6.548927733880603E-4, 0.0012024669976876895, 0.0, 3.603256403516569E-5, 6.715099011876445E-5, 0.0018787267543796894, 3.6210214271981795E-4, 0.0013206363212049737, 3.8496735633101315E-4, 0.0, 3.141735463304347E-5, 0.0, 3.499049488434261E-5, 1.974275489741373E-4, 0.00191145487186343, 3.4168506593171814E-4, 0.009700876981342922, 0.0, 5.27961440651372E-4, 0.0029169488357847903, 2.9353706915102265E-4, 2.1328980488971203E-4, 2.1311929623007574E-4, 0.0010494096149967097, 0.002580764806870225, 7.371540863011397E-5, 0.0, 1.0166791847441718E-4, 5.156040732226821E-5, 0.0013377041681754502, 0.0020615528198706197, 0.003215219175351348, 0.0014477802171625116, 2.163437494548312E-4, 3.613899957175822E-5, 8.419449331464063E-5, 3.7873660059350745E-5, 0.0, 6.185635586155794E-5, 0.0, 7.271344218507501E-4, 0.00655709537150565, 1.886805649818489E-4, 0.0019777129013055206, 4.301013307186341E-4, 4.278070759566614E-4, 0.0011429999589704174, 4.067453378918587E-4, 0.0013303167504755942, 0.002768541374035096, 0.0, 0.056179595232248816, 0.005748576093366167, 0.0028931413872896657, 1.141509154154111E-4, 4.8188641573764955E-4, 1.0618778430835193E-4, 0.002440855303830414, 0.0, 1.3236876755847335E-4, 0.0011669125365976662, 0.0, 6.267016892976772E-5, 0.001120156852352653, 7.734467211071719E-4, 0.04024149267814403, 0.03132564980605652, 2.662445613652202E-4, 0.00365662730819559, 0.0030088378397402655, 6.212745158675642E-5, 9.613326819402448E-4, 4.096561755467269E-5, 0.0, 5.886936037861108E-4, 0.004835835109272638, 2.545900732390217E-5, 0.0014868835818866353, 5.40807871120863E-5, 0.0, 4.329345091211464E-5, 8.160369580418839E-4, 2.7411252157347784E-4, 0.0, 2.884261027411981E-4, 4.892322780049189E-5, 0.0, 0.0, 3.042016348479809E-4, 0.0014247222595047482, 3.2788262646222735E-4, 3.408243606044202E-5, 9.189078381486608E-4, 4.584693631400707E-5, 2.763853665781585E-5, 1.4130122112562677E-4, 3.6747194226875165E-4, 2.3127197749744566E-4, 3.4404686196161204E-5
0.03449223777729012, 0.0, 2.1827693928232445E-5, 2.7789020144375013E-5, 1.8822746669497743E-5, 2.2520448197409014E-5, 0.010438587681967036, 0.0017698435015030703, 0.0, 7.667068904742948E-4, 0.02577014567234503, 1.9200238994904077E-5, 0.010166896110718854, 1.872376653536553E-5, 0.0, 0.0, 0.0, 1.97909216873449E-4, 1.2675613715371629E-4, 1.9453718034627245E-5, 0.0, 2.098591494933018E-5, 1.2590783724998942E-4, 5.308572029868284E-5, 0.0, 0.0, 1.7722628063214105E-5, 2.0065860484911927E-5, 0.0, 2.089859408800224E-5, 1.674152797697291E-4, 8.644960049646138E-5, 8.999954141065375E-5, 0.0, 1.1454825835281176E-4, 2.777409802425615E-5, 0.0, 0.0, 2.3283549415998648E-4, 2.57291122305254E-4, 1.7461564067540033E-4, 5.560743264647036E-5, 1.5523967989672296E-4, 3.385696635470731E-5, 1.830300763243806E-4, 0.13670223969461287, 0.0, 0.016902633023905017, 3.9563703119905024E-4, 1.9015636957415535E-4, 1.5736143638579075E-5, 0.0, 1.9301525302359723E-5, 3.5970699548078376E-5, 1.398430045127642E-4, 0.0, 9.83015494911419E-5, 1.6603816287859918E-5, 0.0, 1.6829300984273086E-5, 0.0, 1.8743321227240598E-5, 0.0, 3.6280169320875204E-5, 1.830300763243806E-4, 0.13670223969461287, 0.0, 0.016902633023905017, 3.125037768871613E-5, 1.5723869003242654E-4, 1.1425272322547929E-4, 1.7714697987862068E-5, 1.4726567100022117E-4, 9.213914604054483E-5, 3.948705463922416E-5, 0.0, 5.44603458959255E-5, 2.761930862204203E-5, 1.1119136444008297E-4, 0.0, 2.5270234048197124E-5, 1.4845145769704145E-4, 0.0, 1.9358539513188736E-5, 4.510037480113563E-5, 2.0287743253993712E-5, 0.0, 3.3134528439564525E-5, 0.0, 0.0, 0.001790614883460881, 6.894400640168475E-4, 7.059786831029292E-4, 1.2488534142062605E-4, 0.0, 2.1694591201503913E-5, 3.380909634267249E-5, 0.0, 0.001132310367558884, 0.0011686179035500738, 0.0031858478182129175, 0.003017463666826038, 0.0012809816319076497, 6.114709960767159E-5, 0.0, 5.688149762611659E-5, 0.0, 0.0, 7.090583711385604E-5, 0.0, 0.0, 3.35704628213674E-5, 0.001092290923208384, 8.330699037951402E-4, 0.0015330637196146158, 2.7908819221640406E-5, 0.0, 0.019790739846413198, 0.001107272431504173, 3.327974599871945E-5, 0.0, 2.1944008841186828E-5, 0.0, 1.1375961387738109E-4, 0.0018332039765516903, 1.3637599410235797E-5, 1.9458175287476817E-5, 2.8969397786866746E-5, 0.0, 2.3190956863106473E-5, 1.0084582168259504E-4, 1.468335632646237E-4, 0.0, 1.545009040846249E-4, 2.6206653468865763E-5, 0.0, 0.04308909413972713, 0.0, 3.350543968038148E-5, 0.0, 1.8256902321596164E-5, 2.1610114488996715E-5, 2.455877967598575E-5, 1.4805105573402925E-5, 7.569067502798013E-5, 1.968433049806128E-4, 1.2388521452531677E-4, 1.8429521709497688E-5
0.0016679487800288987, 2.1827693928232445E-5, 0.0, 0.015265450340915957, 0.027383656137261844, 3.0673902447107246E-5, 3.3209945193972325E-5, 6.258783348584945E-5, 0.004804428629732712, 2.3755435634132885E-5, 3.159126330159386E-5, 2.6151622415693778E-5, 7.151801515386852E-4, 0.00408679880808678, 3.642971369508813E-4, 0.014975260251976437, 0.0, 4.182852388263805E-5, 2.6790172756812483E-5, 2.6496872708614208E-5, 0.0, 2.8583796480262936E-5, 2.661088281093104E-5, 7.230523085075901E-5, 0.0018466512019094565, 0.0026908291357249006, 2.4139047302794735E-5, 2.7330639321035616E-5, 0.0, 0.009879085955506515, 3.53835669646678E-5, 0.0, 1.9021589932970146E-5, 0.0, 2.4210012226408742E-5, 3.7829618926076405E-5, 0.0, 0.018251590220024934, 0.011787567181356878, 5.437901288355753E-5, 3.690537819137316E-5, 0.005127171865269939, 0.05095845959794779, 0.026047479350958497, 3.868378663572243E-5, 8.247635289663553E-5, 0.0, 5.9773018368112456E-5, 0.007481551620546805, 0.006071193341415298, 0.0018400424847917506, 0.026261881303019517, 0.014053240559976173, 0.003316606250633871, 0.001209813935108852, 0.0, 0.02579230128229609, 2.261517340148235E-5, 0.0, 2.292229409110916E-5, 0.00290007812305181, 0.008860255417941389, 0.007058173013430705, 0.010810966323230503, 3.868378663572243E-5, 8.247635289663553E-5, 0.0, 5.9773018368112456E-5, 0.009442514783813942, 3.3232723595191174E-5, 0.0, 0.0028156322821949777, 0.006791999320174165, 0.010110578933423198, 0.020715142313443652, 0.0, 0.019863095517439155, 3.761878852955222E-5, 1.514478324720133E-4, 0.004197482721944843, 0.003095418118021897, 3.137552379717482E-5, 0.001420611504988073, 0.004911223061836069, 0.020546233018119277, 0.0018705907011209427, 0.0, 0.005396192114151017, 0.0, 0.001907437288079667, 0.004201966781014241, 2.136142151300227E-5, 0.0022452499435938514, 0.008877219030348327, 0.0, 0.012869635820397208, 4.604956854985239E-5, 0.019875426545259686, 6.517619324105266E-4, 0.0, 0.008456293761311833, 6.678033135361616E-4, 2.170854245663543E-5, 8.32852060424383E-5, 0.0, 7.74752568836352E-5, 0.00709630252060432, 0.0, 9.657706238773377E-5, 0.00883970452306059, 0.0, 0.005467187108923994, 0.00752246511596843, 0.0020078639408958334, 0.0071754725362420954, 3.801311549017221E-5, 0.0, 0.014124167431998721, 3.872402544081182E-4, 0.0030684922724767234, 0.0, 0.002023303349699052, 0.0, 0.0036320456256133753, 0.004693050432384446, 0.011168247280918671, 0.016416056090030648, 3.945767303903078E-5, 0.0, 3.158716657139364E-5, 4.580288355662362E-4, 3.1033578449832825E-5, 0.0, 3.26540868509692E-5, 3.569468622128122E-5, 0.06737572380503995, 0.0, 0.0, 4.563597399103717E-5, 0.0, 2.486675380037223E-5, 6.704407788208638E-4, 3.3450205137917984E-5, 2.0165245384855746E-5, 1.5997381315117563E-5, 4.160324119105529E-5, 0.0, 2.5101869470298367E-5
0.0012761515026256602, 2.7789020144375013E-5, 0.015265450340915957, 0.0, 0.07839951589980926, 3.905120237675434E-5, 4.227985966008179E-5, 5.135003935442718E-4, 0.0, 0.00473327775116462, 4.021910217179486E-5, 2.1456036507983776E-4, 0.02509570715864384, 2.0923584256237268E-4, 0.004007658669789803, 0.005483907857077842, 3.146973753540341E-4, 5.325224444716347E-5, 3.410679354668019E-5, 3.3733390796278513E-5, 0.0, 0.005084610391227911, 0.003287573328820702, 9.205239560632483E-5, 0.004748764892215071, 0.0, 3.073162350401823E-5, 3.4794866060888016E-5, 0.0, 3.6238853683831736E-5, 4.504711576009435E-5, 0.0, 0.020245381934128334, 0.004679254767760959, 3.082196954324425E-5, 4.816120501997047E-5, 0.0, 0.0, 0.01243755665897139, 0.016044574573139805, 0.0018641719409978072, 0.013472947476744336, 0.0010275432273436948, 3.783475332515296E-4, 4.9248653092500334E-5, 0.020273658024014832, 0.0, 4.904063097549822E-4, 0.02113405436605922, 0.0020300825698719265, 0.004308055676276441, 0.0, 3.3469483562463605E-5, 0.00871522605249737, 7.207671974010971E-4, 3.363449712284142E-4, 5.066576806882644E-4, 2.8791566864031873E-5, 0.0, 2.9182564788909085E-5, 0.0, 3.2501539225213966E-5, 1.8338406611082515E-4, 4.0542653540465493E-4, 4.9248653092500334E-5, 0.020273658024014832, 0.0, 4.904063097549822E-4, 3.492192179250136E-4, 4.230885903364862E-5, 0.0, 0.0041689153334393434, 0.06682883863114127, 0.01850863054382155, 0.035871342007431875, 0.013526572136038225, 0.10086818561962461, 0.009247140872993005, 0.03658343998418534, 7.956555484497191E-4, 0.0010779338520492258, 2.5741973991078574E-4, 2.0095471305215764E-4, 0.003257472498716038, 0.003416365666899942, 3.517961812458471E-5, 0.04845558584647938, 5.745636873695193E-5, 0.0, 0.004645677511225873, 4.5930016273377193E-4, 2.7195404823297117E-5, 0.08014842820454388, 2.165553144838397E-4, 0.0, 0.00385537656276029, 0.011123643038288236, 0.012458726507714346, 0.001327433573876976, 0.0, 0.0016908443613526916, 8.501859973551282E-4, 1.7810722106677718E-4, 1.0603109407944485E-4, 1.4450630490858533E-4, 9.86343990945043E-5, 8.01549873982964E-4, 0.0, 1.229530678321465E-4, 0.0, 8.930174165273977E-4, 5.82122933800826E-5, 8.004371004747389E-4, 7.184296486165621E-4, 0.004651333499363962, 4.8394816034164074E-5, 0.00175681364463682, 0.0013064715682430694, 1.2324970363155886E-4, 0.013060044226147136, 0.002047891417493576, 0.003692530898988938, 0.01630207664032457, 3.060976574065736E-5, 0.005526323743402732, 2.3648048646007657E-5, 0.037773114620351905, 8.849161113878405E-4, 0.0, 4.021388659022979E-5, 5.831203506932015E-4, 3.950910891136365E-5, 0.0, 4.1572191743263805E-5, 4.544320429412639E-5, 0.17841532562301102, 0.0, 0.0, 5.8099541101994924E-5, 0.0, 3.165807274720729E-5, 3.7472653603392014E-5, 4.258573660906891E-5, 2.5672542965760712E-5, 2.036640027502205E-5, 0.005139765828288311, 0.0, 0.004827564809679226
3.5138768261151956E-5, 1.8822746669497743E-5, 0.027383656137261844, 0.07839951589980926, 0.0, 2.6451126583738952E-5, 2.8638040617086137E-5, 5.3971571077103225E-5, 0.0, 2.048510247738531E-5, 2.724219736864591E-5, 2.2551414058920856E-5, 0.016998445281082356, 2.1991778956171457E-5, 0.0, 0.0, 0.0, 3.607012775562077E-5, 2.3102057262280634E-5, 2.2849134872790515E-5, 0.0, 2.4648758671871232E-5, 2.294744957707073E-5, 6.235120611724643E-5, 0.0, 0.0, 2.0815903581818336E-5, 2.3568119561630906E-5, 0.0, 2.4546196984992715E-5, 3.051242698513885E-5, 0.0, 1.6402949836870777E-5, 0.0, 0.0031537467671457994, 3.262173897024376E-5, 0.0, 0.0, 4.243564879428572E-5, 4.689283196887134E-5, 3.182473543573624E-5, 6.531305358735048E-5, 2.8293351745194476E-5, 3.976630016150335E-5, 3.335831620395405E-5, 7.11221030449541E-5, 0.005783988699391011, 0.030990987740193487, 7.210719382174859E-5, 3.465712538527559E-5, 1.8482701750662405E-5, 0.0, 2.267037869569114E-5, 4.224896053184808E-5, 2.5487216402511913E-5, 0.0, 0.002706441794673535, 1.9501816418283284E-5, 0.0, 1.976665680668225E-5, 0.0, 2.2014746688676574E-5, 0.0, 4.261244460029711E-5, 3.335831620395405E-5, 7.11221030449541E-5, 0.011634049955054808, 0.030990987740193487, 3.6704762213790375E-5, 2.865768319028183E-5, 0.004830990744544002, 2.080658940542555E-5, 0.00528748814850392, 0.0, 4.63790538947312E-5, 0.0, 6.396575638548205E-5, 3.2439932905111444E-5, 1.3059850452539677E-4, 0.0, 2.9680855094459213E-5, 2.7056158016452574E-5, 0.0, 2.273734406398624E-5, 5.2972112827495096E-5, 2.3828729348802374E-5, 0.0, 0.007666800539573909, 0.0, 0.0, 2.6167672434265613E-5, 1.8420664453221993E-5, 2.152889712658211E-5, 2.276109365197852E-5, 0.0, 2.5481125998170433E-5, 3.9710075003957686E-5, 0.0, 0.0, 0.0, 4.655731553581531E-5, 3.0063624669807417E-5, 1.8719998391436742E-5, 0.010849248932674912, 0.0, 0.010092408820183372, 0.0, 0.0, 8.328161396185548E-5, 0.0, 0.0, 0.0059563627755195815, 0.0, 0.0038376760121491696, 4.096085191205128E-5, 3.2779974162291747E-5, 0.0, 2.025736296012052E-5, 0.0, 3.908833280627538E-5, 0.0, 0.0619093318552443, 0.0, 2.0733363866580573E-5, 2.6790060557790383E-5, 0.002419701208970928, 2.2854370086508566E-5, 3.4025664196295146E-5, 0.0, 2.723866462189833E-5, 0.0, 2.67612871671089E-5, 0.0, 2.8158705474818E-5, 3.0780715470880465E-5, 0.037184210041457506, 0.0, 0.0, 3.93534186558314E-5, 0.0, 2.1443429105068045E-5, 2.5381904872715077E-5, 2.884522476006459E-5, 0.003425664910416513, 1.3795074131965258E-5, 3.5875858995639665E-5, 0.0, 2.1646177169412346E-5
4.2041728778531574E-5, 2.2520448197409014E-5, 3.0673902447107246E-5, 3.905120237675434E-5, 2.6451126583738952E-5, 0.0, 3.42639425327607E-5, 6.457420863791048E-5, 0.0, 2.450937141433041E-5, 3.2593887884512066E-5, 2.6981606935997728E-5, 0.0, 2.631203232171771E-5, 0.0, 0.0, 0.0, 4.315605250697761E-5, 2.7640423205177757E-5, 2.7337814575816165E-5, 0.0, 2.9490971883495273E-5, 2.7455443062437308E-5, 7.4600010937027E-5, 0.0, 0.0, 2.4905157920244664E-5, 2.819804277332993E-5, 0.0, 0.01131147983068593, 3.6506549408624646E-5, 0.0, 1.962528575516359E-5, 0.0, 2.4978375086077063E-5, 3.9030232701334903E-5, 0.0, 0.0, 0.12195451455174965, 5.61048614066563E-5, 3.80766589680649E-5, 7.814370908535283E-5, 3.385154002743247E-5, 4.7578332669216675E-5, 3.9911509473871204E-5, 8.509393795913069E-5, 0.0, 6.167005860480559E-5, 8.627254840308338E-5, 4.1465467851989866E-5, 2.2113601943039924E-5, 0.0, 2.7123942004664957E-5, 5.054870810080616E-5, 3.049414343014365E-5, 0.0, 2.143562032317918E-5, 0.008986907552808291, 0.0, 2.364978812429229E-5, 0.0, 2.6339512032260253E-5, 0.010486340753426117, 5.098359809203974E-5, 3.9911509473871204E-5, 8.509393795913069E-5, 0.0, 6.167005860480559E-5, 4.391535999224808E-5, 3.428744386122699E-5, 0.0, 2.4894013987287463E-5, 3.211272890956227E-5, 0.0, 5.549015236834216E-5, 0.0, 7.653173728474624E-5, 3.881271109603051E-5, 1.5625439302062094E-4, 0.0, 3.551161641530014E-5, 3.237130136898833E-5, 0.0, 2.7204062623307404E-5, 6.337840825176134E-5, 2.850984897859771E-5, 0.0, 4.6563109063551255E-5, 0.0, 0.0, 3.13082740712661E-5, 2.2039377507688094E-5, 2.575821802203947E-5, 2.7232477783723747E-5, 0.010833320472490136, 3.048685657462347E-5, 4.75110621602877E-5, 0.0, 0.0, 0.0, 5.5703433252588745E-5, 3.596958052354278E-5, 2.239751516781055E-5, 8.592846200135221E-5, 0.0, 7.99341201578847E-5, 0.0, 0.0, 9.964216731790227E-5, 0.0, 0.0, 4.717571654946922E-5, 0.0, 3.039524665991383E-5, 4.9007552394143075E-5, 3.92195529694177E-5, 0.0, 2.423689279624563E-5, 0.0, 4.6767179601546276E-5, 0.0, 3.083735683238666E-5, 0.0, 2.4806403396588814E-5, 3.205292944705331E-5, 1.916457117722534E-5, 2.7344078239744173E-5, 4.070995702007959E-5, 0.0, 3.25896611347438E-5, 0.0, 3.201850356513054E-5, 0.0, 3.369044269077748E-5, 3.6827542781759525E-5, 0.0, 0.0, 0.0, 4.708434118522028E-5, 0.0, 2.565595993054841E-5, 3.0368143601690195E-5, 3.4511827702826345E-5, 2.080523785842087E-5, 1.6505096616520023E-5, 4.2923619928334926E-5, 0.0, 2.5898537560708517E-5
0.04886571038435157, 0.010438587681967036, 3.3209945193972325E-5, 4.227985966008179E-5, 2.8638040617086137E-5, 3.42639425327607E-5, 0.0, 0.3197639410790248, 0.0, 0.0011665132329695513, 0.001551292397037102, 2.9212379779029145E-5, 0.05461383613201358, 2.848744638387806E-5, 0.0, 0.0, 0.0, 3.0111079380896625E-4, 1.928542878471376E-4, 2.9598037789660266E-5, 0.0, 3.19292128432853E-5, 1.9156363417554734E-4, 8.076775620449443E-5, 0.0, 0.0, 2.696425507008001E-5, 3.052938753699037E-5, 0.0, 3.1796357717657916E-5, 2.547155134237523E-4, 1.3152953784159878E-4, 1.369306280158422E-4, 0.14211789811105438, 1.7428049863945987E-4, 4.225715626351802E-5, 0.0, 0.09174481394369619, 3.542496988315967E-4, 3.9145793865110514E-4, 2.656705685862619E-4, 8.460443859248906E-5, 2.3619083528708142E-4, 5.151199209457878E-5, 2.784727889059908E-4, 0.004050010218408851, 0.0, 0.05136656340106281, 6.019455910471597E-4, 2.893151531538736E-4, 2.394190011642728E-5, 0.0, 2.9366482760799066E-5, 5.472795085491941E-5, 2.127654222612328E-4, 0.0, 1.4956179437997734E-4, 2.526202862948358E-5, 0.0, 2.560509438964046E-5, 0.0, 2.8517198049243683E-5, 0.0, 5.519879648009472E-5, 2.784727889059908E-4, 0.004050010218408851, 0.0, 0.05136656340106281, 4.7546173853521635E-5, 2.3923224759876154E-4, 1.7383085400847527E-4, 2.6952189784178026E-5, 2.2405870629078133E-4, 1.4018594911064397E-4, 6.007794157054208E-5, 0.0, 8.285919293146878E-5, 4.2021650507342386E-5, 1.6917312159677977E-4, 0.0, 3.8447629444446685E-5, 2.2586283234013043E-4, 0.0, 2.9453227554964432E-5, 6.861837903252162E-5, 3.086697311176161E-5, 0.0, 5.041283230029068E-5, 0.0, 0.0, 3.389676510243538E-5, 0.0010489549109406247, 0.0010741177446892847, 1.9000794851466762E-4, 0.0, 3.3007434829187276E-5, 5.143915982556592E-5, 0.0, 0.0017227639975544715, 0.0017780044313062027, 6.03088559932819E-5, 0.0014999315820803164, 2.4249286587735742E-5, 9.303281571648743E-5, 0.0, 8.654287644518792E-5, 0.0, 0.0, 1.0788033643069197E-4, 0.0, 0.0, 5.10760886651381E-5, 0.0016618760467730876, 0.0012674818484604226, 0.0023324938619107513, 4.246212906533152E-5, 0.0, 2.6240739430642878E-5, 1.0814060785296895E-4, 5.0633774888023215E-5, 0.0, 3.3386913585464226E-5, 0.18736521825969174, 1.7308060826658336E-4, 3.4702986751634836E-5, 2.0749050746285376E-5, 2.9604819317903087E-5, 4.4075756054095185E-5, 0.0, 3.528409409403465E-5, 1.534328006491013E-4, 2.2340127201191226E-4, 0.0, 0.08781366804620828, 3.987235336357556E-5, 0.0, 0.0, 0.0, 5.0977158610704394E-5, 0.0, 2.7777131542407163E-5, 3.287890695987799E-5, 3.736518066232447E-5, 0.00867586908653815, 1.1516027197553536E-4, 0.018152341281011543, 1.8848629627373715E-4, 2.8039764893895194E-5
0.09494064734109973, 0.0017698435015030703, 6.258783348584945E-5, 5.135003935442718E-4, 5.3971571077103225E-5, 6.457420863791048E-5, 0.3197639410790248, 0.0, 0.0, 0.0027695199897271247, 0.0025614978953997967, 9.834943131290463E-4, 0.08300694502088987, 0.0015151878793318962, 0.0, 2.3862775265101564E-4, 0.0016118682284137378, 0.002005736837468577, 5.639824303500779E-5, 5.578079246644961E-5, 0.0, 6.0174150998975324E-5, 0.0031357810116220872, 1.5221581507668635E-4, 3.173502500538967E-4, 0.0, 5.0817136148193595E-5, 5.753602459834619E-5, 0.0, 5.9923770745953485E-5, 7.448891902391159E-5, 0.0, 4.0043946774442106E-5, 6.369488167872298E-4, 5.096653036992087E-5, 7.963830847533646E-5, 0.0, 0.0, 0.0041067748243316425, 7.377460016241197E-4, 5.006857196435806E-4, 1.5944646953984046E-4, 0.002738132394449708, 6.256271526319548E-4, 8.143648867068524E-5, 0.006687387026853214, 0.0, 8.109250787708515E-4, 0.006978283981844887, 5.452465677002755E-4, 0.001027760034796986, 0.0, 5.534440127385571E-5, 1.0314090719279921E-4, 6.222104848219047E-5, 5.561726406494519E-4, 4.373780081508839E-5, 5.912925826018314E-4, 0.0, 0.009317200275542824, 0.0, 5.3743829824597373E-5, 3.0323985498991455E-4, 6.704043945174241E-4, 8.143648867068524E-5, 0.006687387026853214, 0.01391688129783018, 8.109250787708515E-4, 0.0025288818576674386, 0.006789015243666316, 0.0, 3.2734167455437913E-4, 6.552365266315996E-5, 0.0010567840192142487, 1.1322355942557095E-4, 0.0, 1.5615736008224145E-4, 7.919447169793776E-5, 0.0020546535682822394, 0.011648717398732134, 0.02988073403630057, 0.0018641130746866283, 0.02377897939234789, 5.550788148140424E-5, 1.293189632163518E-4, 5.817224214154292E-5, 0.0, 9.500858658849357E-5, 0.0, 2.576587217635089E-4, 0.003609737999516612, 0.0017320369788929155, 0.01300592881310807, 3.580911011193818E-4, 6.570924693683531E-4, 4.008842723448572E-4, 6.247425849181189E-4, 8.917430528281583E-4, 0.005304080628709365, 0.02050718365111378, 0.0045056554280064965, 0.004425130209652784, 0.005205475401457581, 1.7533068316656145E-4, 7.401559082772026E-4, 1.6309967115877612E-4, 8.337098042489353E-4, 0.0, 2.0331248647007907E-4, 0.001792325287035519, 0.0, 9.62585669386278E-5, 0.002735064667221144, 0.002388710442442283, 0.004993351217639777, 8.002460250605833E-5, 4.089396976245653E-4, 0.001691189961379182, 6.312803887278189E-4, 9.542497745605352E-5, 0.0014765638563785917, 0.024234787201520707, 0.0, 6.286329439139034E-4, 0.014798919810596597, 3.910389268976134E-5, 0.0012708536074565735, 8.306566194446242E-5, 0.0, 6.649679765979577E-5, 0.0, 6.533139280389983E-5, 0.0, 0.006670807247086798, 7.514388230491145E-5, 0.0, 0.04447868386181912, 4.672400590410042E-4, 0.002188309451330517, 0.004738998324309312, 0.13579773315467436, 6.196395513399036E-5, 7.041883664073938E-5, 4.245155193284311E-5, 3.3677431180590875E-5, 8.758247768822353E-5, 0.0, 5.2844053969712845E-5
0.0, 0.0, 0.004804428629732712, 0.0, 0.0, 0.0, 0.0, 0.0, 0.0, 0.007524210876288368, 0.02779472952240466, 0.0, 0.0, 0.05048509721687616, 0.0, 0.02491217737141437, 0.0, 0.0, 0.0, 0.0, 0.0, 0.0, 0.0, 0.0, 0.0, 0.0, 0.0, 0.0, 0.0, 0.004599927234076412, 0.0, 0.00826545694080362, 0.0, 0.052448889356858375, 0.0015843371537520843, 0.0, 0.0, 0.0, 0.0, 0.0035586388676749317, 0.0, 0.0, 0.0, 0.017922127041017578, 0.0, 0.0, 0.0, 0.0, 0.0, 0.0, 0.0, 0.0, 0.0, 0.0, 0.0, 0.0, 0.0, 0.0, 0.0, 0.0, 0.0, 0.004125536550792368, 0.0, 0.011219325475589782, 0.0, 0.0, 0.0, 0.0, 0.0, 0.0, 0.0, 0.09180050721145336, 0.0, 0.0, 0.0, 0.0, 0.0, 0.0, 0.0, 0.0, 0.0, 0.0, 0.0, 0.0, 0.0, 0.0, 0.0, 0.0, 0.0, 0.039557302772616855, 0.0, 0.0, 0.0, 0.0, 0.0, 0.004775131785407672, 0.0, 0.0, 0.0, 0.0, 0.0, 0.0022814911951614986, 0.0, 0.0, 0.0013643331932716154, 0.0, 0.0, 0.0, 0.0, 0.0, 0.010410051377354101, 0.0, 0.0, 0.0, 0.0, 0.0, 0.0, 0.0, 0.0, 0.0, 0.0, 0.0, 0.0, 0.0, 0.0, 0.0, 0.0, 0.0012910827308080962, 0.0, 0.0, 0.0, 0.0, 0.0, 0.0, 0.0, 0.0, 0.003599169688871258, 0.0, 0.0, 0.0, 0.0, 0.0, 0.0, 0.0, 0.0, 0.0, 0.0, 0.0
0.02030260781605279, 7.667068904742948E-4, 2.3755435634132885E-5, 0.00473327775116462, 2.048510247738531E-5, 2.450937141433041E-5, 0.0011665132329695513, 0.0027695199897271247, 0.007524210876288368, 0.0, 0.0011096563536101, 3.732887775601792E-4, 9.844127232664377E-4, 1.3132089837019194E-4, 0.0, 0.008977724596939438, 6.117903403613344E-4, 2.153878315454084E-4, 1.3795077332891037E-4, 2.1171798914516842E-5, 0.0, 2.2839313829547083E-5, 3.7984426955967526E-4, 5.777405601312005E-5, 1.2045142032813412E-4, 0.0, 1.9287825438985898E-5, 2.1838003536245095E-5, 0.0, 0.024293419368542367, 1.8220078198898397E-4, 0.0067326876422217855, 9.794797013884055E-5, 2.4175619727829565E-4, 1.246647395390978E-4, 3.0227004285502285E-5, 0.14079919101209135, 0.0, 9.165064871527266E-4, 5.16577789010781E-4, 3.505855964971137E-4, 6.0518476727586036E-5, 6.110673727051974E-4, 2.3745901923054118E-4, 1.9919461998734098E-4, 0.0028970164358613337, 0.0, 3.0778950859835233E-4, 0.0015573394724887693, 3.817875878530777E-4, 1.7125902010758396E-5, 0.0, 2.1006165079479066E-5, 3.9147499531495585E-5, 1.5219342471583462E-4, 2.1109731125939864E-4, 1.0698318106119094E-4, 2.2442721060337992E-4, 0.0, 1.8315602995617153E-5, 0.0, 2.039866247197495E-5, 1.1509576950838813E-4, 2.544543812400723E-4, 1.9919461998734098E-4, 0.0028970164358613337, 0.0, 3.0778950859835233E-4, 2.1917746435999816E-4, 1.7112543324741198E-4, 1.2434310383547953E-4, 1.2424370116604125E-4, 1.6027163382744176E-4, 1.0027653678610001E-4, 4.2974406180870316E-5, 0.0, 5.927008349104308E-5, 3.005854445217159E-5, 0.018939120871896375, 3.5685041627346267E-4, 1.7723516424786876E-4, 2.9805430170102366E-4, 1.261234840386719E-4, 2.1068214575868042E-5, 4.908347414922744E-5, 2.2079482176021512E-5, 0.02489801641952013, 3.606084821426485E-5, 0.0, 9.779528767056374E-5, 8.420491466978553E-4, 7.503288766185722E-4, 0.0011047429185203589, 2.5073929085817564E-4, 2.494017925270176E-4, 1.5215705669980667E-4, 0.0057586716866713725, 3.3846425916682246E-4, 0.001544660209773622, 0.001271825941849603, 7.706533770982379E-4, 0.0010729174030729585, 3.0986816601434597E-4, 6.654738671523881E-5, 2.809288172960573E-4, 6.190506244375013E-5, 3.1643753249357764E-4, 0.0, 7.71679800523443E-5, 6.802834611814357E-4, 0.010088583596979337, 3.6535282718508525E-5, 0.0011887580431235022, 9.066435759730882E-4, 0.02488374087522128, 0.0182621411677996, 1.5521452212207502E-4, 2.3312205211089147E-4, 3.169588802088893E-4, 3.62188908545361E-5, 5.604350829274053E-4, 2.3882023052715098E-5, 0.008376523877949711, 3.4319497802864647E-4, 3.0830043899109723E-4, 1.4842022068804918E-5, 2.117664981555665E-5, 3.152786853014261E-5, 0.0, 2.5239096941107312E-5, 1.0975215402180244E-4, 1.5980136392473252E-4, 0.0, 1.6814585610669925E-4, 2.8521128787702335E-5, 0.0, 0.0, 1.7734263242626095E-4, 3.646451697268586E-5, 1.9114811178679548E-4, 1.9869284836286365E-5, 2.351864037847879E-5, 0.02854817560148081, 1.6112638085446857E-5, 8.2375397265654E-5, 2.142277822316705E-4, 1.3482630136527757E-4, 0.00302988312128415
0.04648395274833726, 0.02577014567234503, 3.159126330159386E-5, 4.021910217179486E-5, 2.724219736864591E-5, 3.2593887884512066E-5, 0.001551292397037102, 0.0025614978953997967, 0.02779472952240466, 0.0011096563536101, 0.0, 2.77885427354745E-5, 0.0013091252889281836, 2.7098943230610127E-5, 0.0, 0.023607722812245425, 0.0, 0.026965575416388065, 1.834544005006699E-4, 2.8155403435998273E-5, 0.042704502331319526, 3.0372954970366423E-5, 0.06807422278225599, 7.683106484012618E-5, 0.01766015527582839, 0.0, 2.5649993599051307E-5, 2.904135837877001E-5, 0.0, 3.024657532023009E-5, 2.4230045561866607E-4, 1.2511867266330436E-4, 1.3025650895943724E-4, 0.0, 1.6578591408972126E-4, 4.019750535871681E-5, 0.0, 0.08727309114551325, 3.3698325742285545E-4, 3.72377934958797E-4, 2.5272155177227075E-4, 8.048074395931141E-5, 2.2467868656199605E-4, 4.9001252364150946E-5, 2.6489978063122646E-4, 0.003852609163809218, 0.0, 6.351441791824794E-5, 5.726062343353656E-4, 2.7521367852434376E-4, 2.2774950879948906E-5, 0.0, 2.7935134602585984E-5, 5.2060462470388285E-5, 2.0239504873827306E-4, 0.0, 1.4227202118280744E-4, 2.4030735169995632E-5, 0.0, 2.435707960373606E-5, 0.0, 2.712724477367913E-5, 0.0, 5.250835866631505E-5, 2.6489978063122646E-4, 0.003852609163809218, 0.0, 6.351441791824794E-5, 4.522873158678334E-5, 2.2757185776676022E-4, 1.653581855329105E-4, 2.563851638577943E-5, 2.1313788818691832E-4, 1.3335316284538768E-4, 5.714968994038708E-5, 0.0, 7.882056310441305E-5, 3.997347835990876E-5, 1.6092747508919235E-4, 0.0, 3.657365822217865E-5, 0.1002748067726404, 0.0, 2.8017651379307975E-5, 6.527385898060463E-5, 2.9362489736172962E-5, 0.0, 4.7955666583473915E-5, 0.0, 0.0, 3.22446070045811E-5, 9.978279274318043E-4, 0.0010217643025665767, 1.8074679424680406E-4, 0.0, 3.1398623469824806E-5, 4.8931970003888115E-5, 0.0, 0.0016387949674523353, 0.0016913429339531032, 5.736934939138289E-5, 0.001426823599590762, 2.3067355064711487E-5, 8.849831458082782E-5, 0.0, 8.232470064881239E-5, 0.0, 0.0, 1.0262215409693273E-4, 0.0, 0.0, 0.02921269039445565, 0.0015808747488613602, 0.0012057036701154115, 0.002218806062779902, 4.039248760617114E-5, 0.0, 2.4961742747242373E-5, 1.0286973966152815E-4, 4.8165840235457556E-5, 0.0, 3.1759606098278E-5, 0.0, 1.6464450742731369E-4, 0.019848184037442748, 1.973772379193828E-5, 2.8161854426599273E-5, 4.1927464998480815E-5, 0.0, 3.356431636283388E-5, 1.4595435120701392E-4, 2.1251249783213336E-4, 0.0, 2.236094549117093E-4, 3.792893984635454E-5, 0.0, 0.0, 0.0, 4.849248713394963E-5, 0.0, 2.642324975828215E-5, 3.127636016173361E-5, 3.55439689442596E-5, 2.142745770190213E-5, 1.0954725919037691E-4, 2.8489169296786284E-4, 1.792993086723497E-4, 2.6673082129584722E-5
6.403144853024948E-4, 1.9200238994904077E-5, 2.6151622415693778E-5, 2.1456036507983776E-4, 2.2551414058920856E-5, 2.6981606935997728E-5, 2.9212379779029145E-5, 9.834943131290463E-4, 0.0, 3.732887775601792E-4, 2.77885427354745E-5, 0.0, 0.004334837758660774, 1.4456710465593243E-4, 0.0, 9.970792305258261E-5, 6.735010136252717E-4, 3.6793518270472564E-5, 2.3565371648365466E-5, 2.3307376871586048E-5, 0.0, 2.5143092330651354E-5, 2.907170547536137E-4, 6.360166664792078E-5, 1.3260123335011892E-4, 0.0, 2.1233368895808257E-5, 2.4040780880140376E-5, 0.0, 2.503847375747685E-5, 0.03324427172896423, 0.0, 1.673191286156461E-5, 2.6614190054219725E-4, 2.1295791591404224E-5, 0.021693863014662834, 0.0, 0.0, 7.732815337819046E-4, 0.03705951921877869, 2.0920589769270745E-4, 6.662291430592622E-5, 5.155742177859915E-4, 0.011082936450523339, 3.402732102968846E-5, 7.254846491113891E-5, 0.0, 3.388359252318065E-4, 0.0013139698112191755, 0.027389610530151938, 1.8853374436543878E-5, 0.0, 2.312503571902274E-5, 4.309626824082408E-5, 0.006961784519748978, 2.3239048367910446E-4, 0.04389738645973784, 2.4706495649669074E-4, 0.0, 2.0163079357252686E-5, 0.0, 2.245625493753416E-5, 1.2670536344541993E-4, 0.011876161815117308, 3.402732102968846E-5, 7.254846491113891E-5, 0.0, 3.388359252318065E-4, 0.0058597577879134785, 0.011259157456817628, 0.0, 0.00829013713884932, 2.7378321445356397E-5, 0.007789212223420585, 4.730919109586768E-5, 0.0, 6.524859690542913E-5, 3.30905194493282E-5, 8.585138887244508E-4, 3.9284555707569467E-4, 1.951126961247544E-4, 1.7785875509876827E-4, 1.388454323940889E-4, 2.319334408539582E-5, 0.0208119182274766, 2.4306617226236024E-5, 0.0, 0.010630314395044721, 0.0, 1.0765979949111083E-4, 0.004932524284474871, 0.0028384784198919773, 3.9230927448240217E-4, 1.4962433983293827E-4, 2.745586992558571E-4, 1.6750498521606668E-4, 0.015822005286986567, 3.726048068855527E-4, 3.4385461462042887E-4, 0.0, 0.007975010762709803, 3.0666554082077496E-5, 3.4112425472034426E-4, 7.32599543503007E-5, 3.092658231473464E-4, 6.81493635217855E-5, 3.483562665563358E-4, 0.03480885040072897, 8.495183620253405E-5, 7.489029663129377E-4, 0.0, 4.022055975821438E-5, 0.0, 2.591404909279507E-5, 5.189255646069294E-4, 3.3437380272598457E-5, 1.7087085408513993E-4, 0.0033574723163079957, 0.002610907448925052, 3.987225376671677E-5, 6.169656032814113E-4, 2.6290978579239892E-5, 0.0, 2.6266720657488953E-4, 3.3939839265684365E-4, 1.6339121833281772E-5, 2.3312717078110683E-5, 3.470805276192191E-5, 0.0, 2.778493913908908E-5, 0.0, 2.7297987825145656E-5, 0.0, 2.872343151596196E-5, 3.139802622072989E-5, 0.0, 0.0, 1.9523100450967736E-4, 4.0142655943137205E-5, 0.01987385270294268, 2.1873479514803172E-5, 2.5890941861943135E-5, 2.9423719023560712E-5, 1.77379036032447E-5, 0.0054198698041626695, 3.6595353428413385E-5, 0.0, 2.2080293714639004E-5
0.10905033566179208, 0.010166896110718854, 7.151801515386852E-4, 0.02509570715864384, 0.016998445281082356, 0.0, 0.05461383613201358, 0.08300694502088987, 0.0, 9.844127232664377E-4, 0.0013091252889281836, 0.004334837758660774, 0.0, 0.0012269611468958364, 0.0, 0.0, 0.0, 0.0, 0.0, 0.0, 0.0, 0.0, 0.0, 0.0, 0.0, 0.0, 0.0, 0.0, 0.0, 0.0, 0.0, 0.0, 0.012611914467183271, 0.0, 0.0, 0.0, 0.048660779331987064, 0.0, 0.0011837808214076838, 0.0, 0.0, 0.0, 0.0, 0.001109316925911308, 0.0, 0.003417776563246945, 0.0, 0.06499549219214655, 0.002011495418521959, 0.0, 0.0, 0.0, 0.0, 0.0, 7.109889638926349E-4, 0.0, 0.014275084718584938, 0.0, 0.0, 0.0024317127095047067, 0.0, 0.0, 0.0, 0.0011887127003916993, 0.0, 0.003417776563246945, 0.007302202890175088, 0.06499549219214655, 0.00807931000113114, 0.0, 0.0, 0.0, 0.020636794560236302, 0.0, 0.0, 0.0, 0.0, 0.0, 0.0, 0.0034464392233486607, 8.279743098574386E-4, 0.0, 0.0, 0.0, 0.0, 0.0, 0.0, 0.0, 0.0, 0.0, 0.0057599266376681295, 0.004426030203849892, 0.004283645569281343, 0.0, 0.0, 7.108190665525704E-4, 0.0, 6.042267756981503E-4, 0.09669857795079637, 0.006259167433398747, 0.010248015852640692, 0.0014447091326556369, 0.0, 0.0, 0.0, 0.0, 8.342270880284895E-4, 0.0, 0.0, 0.0, 0.0, 0.0, 0.0014350914325116715, 0.0012208174184894047, 0.0019683759855519335, 0.0, 0.0, 0.0038938747530862673, 0.0033751566468534647, 0.0, 0.0, 0.0, 0.0, 0.0, 0.003295738443981921, 0.0, 0.0, 0.013080841275517804, 0.0, 0.0, 0.0, 0.0, 0.0, 0.0034641104287886776, 0.0, 0.0, 0.0, 0.0, 0.0, 0.0, 0.0026379908145382166, 7.080512034768361E-4, 0.0, 0.0, 0.0, 0.0, 0.0, 0.0
0.002508919705327006, 1.872376653536553E-5, 0.00408679880808678, 2.0923584256237268E-4, 2.1991778956171457E-5, 2.631203232171771E-5, 2.848744638387806E-5, 0.0015151878793318962, 0.05048509721687616, 1.3132089837019194E-4, 2.7098943230610127E-5, 1.4456710465593243E-4, 0.0012269611468958364, 0.0, 0.0, 9.723357472051482E-4, 2.1203770967123998E-4, 8.17276953284251E-4, 2.2980574209530632E-5, 2.2728981822110683E-5, 0.0, 2.451914223053178E-5, 0.001017059843715138, 6.202332991229323E-5, 1.293106057798608E-4, 0.0, 2.070644235573966E-5, 2.344418570243306E-5, 0.0, 0.05864992192344298, 3.0351976219439363E-5, 0.0, 0.006284537975449116, 0.0, 0.14960774426159928, 0.006392688672419841, 0.0, 0.011272456495762223, 0.005845258585028065, 3.0060912939404736E-4, 2.040142514506961E-4, 0.004398081139842279, 7.943023109101151E-4, 0.002585710944225943, 3.3182900220821114E-5, 0.001157891781460053, 0.0, 0.0011183121138358346, 0.009932337685517248, 2.221714460812248E-4, 4.1878105554779994E-4, 0.0, 2.2551165641213614E-5, 0.0028449803873363765, 0.001129625505614975, 8.662456265015253E-4, 7.940614400667507E-4, 1.9399265369873782E-5, 0.0, 1.9662713084948944E-5, 0.0, 2.189898130021374E-5, 4.7229974825664607E-4, 0.002770774849953868, 3.3182900220821114E-5, 0.001157891781460053, 0.0, 0.0011183121138358346, 0.004970862021806327, 2.850698566585044E-5, 0.0, 0.002845971324336568, 0.0013349450988841861, 4.3060744927682354E-4, 4.613516786385428E-5, 0.0, 6.362939000611812E-5, 0.012428861411557357, 8.372090380808152E-4, 0.0011131128749997533, 0.004019626513432418, 0.0011731390425929688, 0.0017361510238008211, 2.261777886955526E-5, 0.003567061063109214, 2.3703425063059278E-5, 0.0, 0.007626484375355341, 0.0, 0.050480638710240756, 0.005421622539950243, 2.99894618778885E-4, 0.0021201529730679506, 8.417449950660031E-4, 0.0, 0.0033473637250176513, 2.545636630143444E-4, 0.0013868482837441458, 0.0019523760793420954, 0.028979251186343095, 0.009393962091122405, 0.03259370916650772, 1.2000559962860377E-4, 7.144193788476431E-5, 9.736587695210187E-5, 6.645817129955171E-5, 0.023453419879722603, 0.0, 8.284367440577308E-5, 0.0, 2.1661195074865482E-4, 6.419302689147454E-4, 0.0014556159122999003, 0.0012635483478311772, 4.074545770377696E-5, 3.2607599412931076E-5, 1.6663052894486398E-4, 4.589913291626933E-4, 7.473918828101169E-4, 3.888278531142229E-5, 1.942387180110646E-4, 2.563854257411254E-5, 0.0, 2.0624336678755128E-5, 6.0700919107667E-4, 1.593365075718371E-5, 0.024777740540763808, 3.3846738938190036E-5, 0.0, 2.7095429060946603E-5, 0.012990141191863635, 2.6620561913783173E-5, 0.0, 2.8010631843810496E-5, 3.061885389990526E-5, 0.0, 7.249486084836476E-4, 0.010007172468153504, 8.916697583735509E-4, 0.0, 2.1330668011995818E-5, 0.0011249579660839767, 0.005652627585098089, 1.7297720407653295E-5, 1.372253220639398E-5, 3.568720441733356E-5, 0.0, 2.1532349917880028E-5
0.017007630492703353, 0.0, 3.642971369508813E-4, 0.004007658669789803, 0.0, 0.0, 0.0, 0.0, 0.0, 0.0, 0.0, 0.0, 0.0, 0.0, 0.0, 0.001192300681894395, 0.0, 0.016945880060988683, 0.010853432352140632, 0.0, 0.030138625437581102, 0.003962960171123697, 0.00292279387694339, 0.0, 0.0, 0.0, 0.0, 0.012302655724805506, 0.0, 0.00128132161783181, 0.0, 9.735326082207664E-4, 0.00387020820954036, 0.003673314521424797, 0.0010897931878439235, 0.0, 0.0, 0.0015398206636431412, 0.0, 0.0, 0.0, 0.007091486199741228, 4.020361978602694E-4, 0.0, 0.0, 0.0, 0.0, 0.0, 0.0, 0.0, 0.007826699694595575, 0.0, 0.0, 0.004587259423789046, 3.6216223757399695E-4, 0.0, 0.03392266782927045, 0.0, 0.0, 0.0, 0.0, 0.0, 0.0, 0.0, 0.0, 0.0, 0.0, 0.0, 0.0, 0.0, 0.0, 0.0, 3.8138529069152037E-4, 0.006823943853834259, 0.005035691987845444, 0.0, 0.0, 0.0, 0.0, 0.007190902832756807, 4.217520157697374E-4, 0.0, 0.0, 0.0, 0.0017697063436645359, 0.0, 0.0, 0.0, 0.0, 9.230940353411488E-4, 0.0, 0.0, 0.0067791040052888555, 0.0, 0.0, 0.0, 0.0, 0.0, 4.398943781679281E-4, 0.06875494402861504, 0.02253435901567329, 4.271910046217994E-4, 0.0, 0.0, 0.0, 0.0, 4.249370442982866E-4, 0.0, 0.0, 0.0, 4.734280346154849E-4, 0.0, 4.243471138386772E-4, 3.609876948072089E-4, 0.0013684309649252963, 0.0, 0.0, 6.767633349491888E-4, 0.0, 0.0, 0.0, 0.0, 0.0, 0.0, 8.95009422612087E-4, 0.0, 3.2475063883627637E-4, 0.0, 0.0, 0.0, 3.0913789189743646E-4, 0.0, 0.0, 0.0, 0.0, 0.0, 0.0, 0.0, 0.0, 0.0, 0.0, 0.0, 0.0, 0.0, 0.0, 0.0, 0.0, 0.0
6.734274383333302E-4, 0.0, 0.014975260251976437, 0.005483907857077842, 0.0, 0.0, 0.0, 2.3862775265101564E-4, 0.02491217737141437, 0.008977724596939438, 0.023607722812245425, 9.970792305258261E-5, 0.0, 9.723357472051482E-4, 0.001192300681894395, 0.0, 1.731032432007974E-4, 0.004395640621999109, 0.0, 0.022585234782562063, 0.010163068281152064, 0.0013350177266289447, 0.0012428719991191184, 0.0, 0.04730476390673152, 0.0018843587281125885, 0.0, 0.047230075121704476, 0.018169014429649553, 0.004320754149558209, 0.0594937348446771, 0.006828341609299744, 8.884110186943308E-4, 0.00123744367589622, 0.0011307383715272604, 0.0, 0.0, 0.007988370312245108, 1.8762328577765175E-4, 0.0014728328398622148, 9.995667461669673E-4, 0.0, 5.422364052724921E-4, 1.7582113415280957E-4, 0.0, 0.0, 0.0, 2.2789574663221733E-4, 3.188118720330309E-4, 0.0010885278252450337, 0.006038568694826748, 0.009195456633233986, 0.00491146151918428, 0.0, 3.7576922237262045E-4, 1.8501077515634587E-4, 2.641440445234318E-4, 0.0, 0.0, 0.0, 0.0, 0.0, 1.0087270845338605E-4, 1.8840496370595128E-4, 0.0, 0.0, 0.0, 2.2789574663221733E-4, 0.001622849723265239, 0.0, 0.0, 0.0040170130623021615, 0.0014637399143063244, 8.791800222080593E-4, 0.0, 0.0, 0.0, 0.0, 0.020017123278947235, 0.0026365445266259596, 0.001749895373099009, 1.1962501839372737E-4, 0.0011053766345105358, 0.002189319707402973, 0.0, 0.0, 0.026653603487426465, 0.0037472907529424344, 0.0, 3.715186605055844E-4, 0.0012726637402853736, 0.0, 0.0012692800577960234, 0.0022922414854907557, 0.0, 1.1266123462061597E-4, 0.006086451523002592, 0.0021813570409357527, 7.301715068745783E-4, 0.0, 0.002744881533256184, 4.432412188709033E-4, 8.27678545691677E-5, 0.0, 7.948750768733977E-5, 0.0, 0.002820876671391791, 0.0, 0.0, 0.006190350086081612, 0.008841877996319773, 0.0037965919790274574, 0.001628625495545813, 0.009310944484822501, 0.0011054156517477268, 0.0, 9.663574068386278E-4, 0.004388689752134186, 6.77950472200735E-5, 0.0010548817436111058, 0.0011264683910770087, 0.0, 0.008967161973224154, 0.0, 0.0, 0.0, 9.537257671917688E-4, 0.0057666405860694785, 0.0, 0.0, 3.20752671571608E-4, 0.0, 0.0, 0.0, 0.0, 0.0, 0.0, 0.0, 0.0, 0.0, 0.0, 0.0, 0.0, 0.0, 0.0, 0.0, 0.0, 0.005275768154828986
