0.0, 3.511759953542206E-4, 0.0, 0.01602745924553441, 0.02238084923102465, 0.009377805711708471, 0.0021294417142830794, 0.010010980508790054, 0.007874620543531975, 0.05355505539607579, 8.621561004752626E-5, 2.763833703721474E-4, 5.694292839536746E-4, 3.761096904373485E-4, 0.007633738294242983, 0.015570139335374891, 0.0, 8.657759941422559E-5, 0.0, 0.007186450262500107, 0.0, 0.05841109320562166, 0.14060373373951587, 0.00976017592927341, 3.895660023771959E-4, 0.09993142020653432, 8.659552238101038E-5, 2.763833703721474E-4, 5.694292839536746E-4, 3.761096904373485E-4, 0.0022537345720681197, 4.941054319280924E-4, 0.0, 4.283262810713917E-5, 0.005384737516551149, 1.1394147560227909E-4, 1.9983667318655528E-4, 0.0021293251525043356, 1.4344224539205176E-4, 2.3622561177920418E-4, 0.009094293370658724, 0.007397032868400328, 0.006436510390047031, 7.839377993245759E-5, 4.2127264780924716E-5, 0.0, 8.65320112719763E-5, 0.0, 8.278484122410086E-5, 4.802456495513639E-5, 6.342967061590412E-4, 6.906122101205169E-4, 7.037247899022869E-5, 5.649138340874648E-4, 5.73271750833457E-4, 0.010462760087079893, 0.0, 1.3090723912976253E-4, 2.3652470795690187E-4, 5.1497195615867314E-5, 5.004525412305604E-5, 0.0, 3.344049157356671E-5, 6.905595098544758E-5, 0.0, 3.80149916377249E-5, 0.0, 0.0, 5.2892091662405925E-5, 0.006653904797506489, 0.006497763334073879, 1.003568647051185E-4, 8.234786806046723E-5, 1.5154360502041264E-4, 0.0, 4.101850851553146E-4, 2.4820387701983757E-4, 0.0, 1.3709277179190096E-4, 1.5629025457998075E-4, 0.0, 0.0, 0.0, 0.10481219840097347, 1.987730460213392E-4, 3.392772804581559E-4, 9.416530657807477E-5, 3.092282662207134E-5, 3.979586266834177E-5, 2.06208460771007E-4, 4.0510415955870655E-5, 5.803189388705237E-4, 9.299790808024178E-5, 2.3652470795690187E-4, 0.0, 2.635738864134433E-4, 0.0, 0.0, 7.032838846439033E-5, 0.0, 9.062588409510288E-5, 0.0, 0.0, 0.0, 7.31996849074502E-5, 7.321513792697759E-5, 0.0, 0.0, 8.449557636857613E-4, 6.698934681942727E-5, 1.8169136196749335E-4, 0.0, 4.7258592352365604E-5, 1.1955815376540076E-4, 0.0, 4.750266122621659E-5, 0.0, 9.402814646163756E-4, 1.565298470182525E-4, 0.11650671812330952, 4.536616946806579E-4, 0.003390628567014416, 0.0, 0.0, 5.617732992121603E-4, 0.0, 4.7102412785830674E-4, 0.0, 0.0, 3.973236127271583E-5, 1.023694885935264E-4, 0.0051784917093679024, 0.0, 0.0, 0.0, 0.008967198200737351, 0.0, 3.871002051227228E-5, 5.591324921437893E-5, 0.008858864672062223, 0.00947818241149383, 0.0, 1.8613355117249068E-4, 5.9826635401379115E-5, 0.0, 7.62643110810932E-5, 0.0, 3.8152961540862337E-5, 5.448164872753605E-5, 2.159697905022169E-4, 0.0, 0.01595773736822098, 1.4219697215901947E-4, 0.0, 5.4000835573851285E-5, 0.0, 4.595197636139612E-5, 0.0, 3.925054759174748E-4, 1.1758298920909541E-4, 0.0, 0.0, 0.004529799147192224, 0.0015594010289489266, 0.0, 7.224099050887478E-5, 1.5506485551557316E-4, 0.0013667058027742396, 0.0, 0.0, 0.0, 0.0, 0.0, 0.002050115547664281, 0.0, 0.0, 0.0, 7.872701111950772E-5, 7.778484393455762E-4, 0.0, 0.0, 0.0, 0.0, 0.0, 0.0, 0.0, 4.5794538218861747E-4, 0.0, 0.015916739430853113, 4.3506273425017836E-5, 0.0, 9.267118180629428E-4, 2.562977971417737E-4, 6.111505899605697E-5, 9.086336333305372E-4, 1.349594820281142E-4, 5.2462285076629105E-5, 8.95559247683026E-5, 1.3507683747358333E-4, 0.0, 8.368151544612895E-5, 3.573279697145842E-4, 0.0, 0.0, 7.871004010976127E-5, 9.18481272834698E-5, 1.6931910263056862E-4, 0.0045471174702764305, 1.4612162655775948E-4, 9.660923363853886E-4, 5.897970475554392E-4, 4.2509916887134016E-5, 0.0, 1.5186447775952653E-4, 0.0
3.511759953542206E-4, 0.0, 0.0, 0.00796802685632383, 6.789451283456981E-5, 0.007260733969783, 6.856560426563572E-4, 0.0, 3.450045232010388E-4, 1.558303380411153E-4, 0.007326388040567066, 1.6844827791727963E-4, 0.008262648962995025, 2.3926341270311442E-4, 2.1678698902382836E-4, 0.001130680871690778, 0.0, 0.15410881291121784, 0.0, 3.1485426283280597E-4, 0.0, 0.018484893544742947, 0.0, 0.0, 0.4411841264349494, 0.006730140325438261, 1.1017605095788308E-4, 1.6844827791727963E-4, 0.008262648962995025, 2.3926341270311442E-4, 0.016472955735278804, 7.075651448162305E-5, 0.0, 0.0, 2.315177970550483E-4, 6.944428430232302E-5, 1.5285274983447666E-4, 3.474524805581376E-4, 9.125125470282697E-5, 1.1777845768182916E-4, 5.23663832184627E-5, 0.0, 7.026214551020213E-5, 0.0, 0.0, 0.0, 0.0, 0.0, 1.0532769633418053E-4, 0.0, 0.0, 1.1269059834656829E-4, 4.289014524539775E-5, 3.5415321989351156E-4, 1.215463643627292E-4, 1.768056041321208E-4, 0.0, 0.0, 3.0093193689622704E-4, 0.0, 6.367290498233839E-5, 0.0, 4.2546556708270265E-5, 0.0, 0.0, 0.0, 0.0, 0.0, 0.0, 1.7748402120836126E-4, 1.5942102189456857E-4, 0.0, 5.018882484234642E-5, 9.236177726862774E-5, 0.0, 2.609405867741833E-4, 1.8984826216879243E-4, 0.0, 1.7442403250880048E-4, 1.9884911574366283E-4, 0.0, 0.0, 0.0, 2.6532892051866976E-4, 1.246138968967064E-4, 0.0, 1.1980713702912818E-4, 0.0, 0.0, 1.3118018840449437E-4, 5.1541667859466616E-5, 0.0, 0.0, 3.0093193689622704E-4, 0.0, 1.3141388689045545E-4, 0.0, 0.0, 0.0, 0.0, 0.0, 0.0, 0.0, 0.0, 0.0, 0.0, 0.0, 0.0, 3.087419348994792E-4, 8.523098522737274E-5, 1.1073602943136286E-4, 0.0, 0.0, 7.286749953744913E-5, 0.0, 6.043794736715381E-5, 0.0, 2.1955051454553159E-4, 9.540075850937312E-5, 1.889021924008989E-4, 7.402621481534494E-5, 0.0, 0.0, 0.0, 1.3117095416774065E-4, 0.0, 0.0, 0.0, 0.0, 5.055174378415341E-5, 1.3024537160464205E-4, 0.0, 0.0, 0.0, 0.0, 2.546552977043759E-4, 0.0, 0.0, 7.113879361521269E-5, 1.4512958785502356E-4, 0.0, 0.0, 2.3681893768966018E-4, 0.0, 0.0, 9.703158307618183E-5, 0.0, 4.8542263148723735E-5, 0.0, 1.0767921665917404E-4, 0.0, 0.0, 1.8091814010564103E-4, 0.0, 6.870561720010592E-5, 0.0, 5.846500084534216E-5, 0.0, 2.496936453923109E-4, 5.86250703908033E-5, 0.0, 0.0, 0.0022584882017934187, 0.0, 0.0, 0.0, 9.864501623935597E-5, 8.694343773824821E-4, 0.0, 0.0, 0.0, 0.0, 0.0, 0.0010221560882192797, 0.0, 0.0, 0.0, 0.0, 0.0, 0.0, 0.0, 0.0, 0.0, 0.0, 0.0, 0.0, 2.870930429583941E-4, 0.0, 1.8383235247508716E-4, 5.535331696218854E-5, 0.0, 1.784970019178372E-4, 3.260893679241498E-4, 7.77570903102512E-5, 2.1216092121148578E-4, 0.0, 0.0, 1.1394259032747145E-4, 1.7185914605652574E-4, 0.0, 1.064685408266257E-4, 2.7331601298554565E-4, 0.0, 0.0, 1.0014330015672683E-4, 5.597897894506158E-5, 1.0319546801319666E-4, 1.291314775438774E-4, 8.905722629760251E-5, 3.8736464962415423E-4, 1.899079495272378E-4, 5.408564600563363E-5, 0.0, 1.1615937484132455E-4, 0.0
0.0, 0.0, 0.0, 0.0, 0.0, 0.0, 0.0, 0.0, 0.0, 0.0, 0.0, 0.0, 0.0, 0.0, 0.0, 0.0, 0.0, 0.0, 0.22773637692382878, 0.0, 0.22773637692382878, 0.0, 0.0, 0.0, 0.0, 0.0, 0.0, 0.0, 0.0, 0.0, 0.0, 0.0, 0.0, 0.0, 0.0, 0.0, 0.0, 0.0, 0.0, 0.0, 0.0, 0.0, 0.0, 0.0, 0.0, 0.0, 0.0, 0.0, 0.0, 0.0, 0.0, 0.0, 0.0, 0.0, 0.0, 0.0, 0.0, 0.0, 0.0, 0.0, 0.0, 0.0, 0.0, 0.0, 0.0, 0.0, 0.0, 0.0, 0.0, 0.0, 0.0, 0.0, 0.0, 0.0, 0.0, 0.0, 0.0, 0.0, 0.0, 0.0, 0.0, 0.0, 0.0, 0.0, 0.0, 0.0, 0.0, 0.0, 0.0, 0.0, 0.0, 0.0, 0.0, 0.0, 0.0, 0.015456738718769979, 0.0, 0.0, 0.0, 0.0, 0.0, 0.0, 0.0, 0.0, 0.0, 0.0, 0.0, 0.0, 0.0, 0.0, 0.0, 0.0, 0.0, 0.0, 0.0, 0.0, 0.0, 0.0, 0.0, 0.0, 0.0, 0.0, 0.0, 0.0, 0.0, 0.0, 0.0, 0.0, 0.0, 0.0, 0.0, 0.0, 0.0, 0.0, 0.0, 0.0, 0.0, 0.0, 0.016490056128054004, 0.0, 0.0, 0.0, 0.0, 0.0, 0.0, 0.0, 0.0, 0.0, 0.0, 0.0, 0.0, 0.0, 0.0, 0.0, 0.0, 0.0, 0.0, 0.0, 0.0, 0.0, 0.0, 0.0, 0.0, 0.0, 0.0, 0.0, 0.0, 0.0, 0.0, 0.0, 0.0, 0.0, 0.0, 0.0, 0.0, 0.0, 0.0, 0.0, 0.0, 0.0, 0.0, 0.0, 0.0, 0.0, 0.0, 0.0, 0.0, 0.0, 0.0, 0.0, 0.0, 0.0, 0.0, 0.0, 0.0, 0.03659832132654954, 0.0, 0.0, 0.0, 0.0, 0.0, 0.0, 0.0, 0.0, 0.0, 0.0, 0.0, 0.0, 0.0, 0.0, 0.0, 0.0, 0.0, 0.0, 0.0
0.01602745924553441, 0.00796802685632383, 0.0, 0.0, 0.011952336443490641, 0.009580038629838097, 0.0023744350629254654, 0.0, 0.014635689432860172, 1.444790133858467E-4, 0.011124654352907905, 0.0027029152043107707, 0.10464078627357946, 0.0016136674687779174, 0.001619924321435631, 0.023154207396342105, 0.1962890382892924, 0.009707251619969553, 0.0, 0.013356663166841639, 0.0, 0.0012354257907791083, 0.014561038152406076, 0.001517667224014096, 0.6161340475835246, 0.010066840008062667, 0.0016097840974488831, 0.0027029152043107707, 0.10464078627357946, 0.0016136674687779174, 0.0035276862899887075, 8.294651224234091E-4, 0.0, 7.190402861585012E-5, 0.008428527896652056, 1.9127593809432656E-4, 6.788735872890775E-5, 0.00357454266675273, 0.0, 8.575574135753506E-5, 5.387380479115563E-4, 0.0, 0.010805104606574885, 1.316012779199174E-4, 7.071992044798728E-5, 0.0, 1.4526309707459188E-4, 0.0, 1.3897264434596315E-4, 8.061984158806079E-5, 0.0010648071464705977, 0.0011593451607673914, 1.1813575226868518E-4, 3.283552384012345E-4, 6.4161915710534E-4, 0.007241289261025491, 0.0, 2.1975672015417378E-4, 3.9705897398469443E-4, 8.644941930570395E-5, 8.40120147554508E-5, 0.0, 5.61372525874279E-5, 1.1592566917286015E-4, 0.0, 6.381656151737925E-5, 0.0, 0.0, 8.879106047223632E-5, 8.076749622454345E-4, 1.4780813701510136E-4, 1.6847116766928192E-4, 1.3823908835720435E-4, 2.543994191689732E-4, 0.0, 0.0, 8.431838545181031E-5, 0.0, 2.301405031998969E-4, 2.6236771905724707E-4, 0.0, 0.0, 0.0, 0.0010469964490247682, 1.1553650658866857E-4, 5.695518664357867E-4, 1.5807726954960408E-4, 5.191079577827235E-5, 6.680614696206202E-5, 0.0, 6.800568251018458E-5, 9.741935396187138E-4, 1.5611753327602503E-4, 3.9705897398469443E-4, 0.0, 9.819802955279794E-4, 0.0015971540011151526, 0.0, 1.1806173658083993E-4, 0.0, 1.52135567003064E-4, 0.0, 0.0, 0.0, 0.0377554459455354, 0.037763416412132336, 0.03212712432769177, 0.0, 0.0010140784577611075, 1.1245641753788068E-4, 3.050090892738359E-4, 0.0, 7.933398736004512E-5, 2.007047731953837E-4, 0.0, 7.974371088309679E-5, 0.0, 9.991065806332661E-4, 2.6276992789427063E-4, 0.007874261479443645, 7.615713748556116E-4, 0.0, 0.0, 0.0, 5.969184985433299E-4, 0.0, 0.002811195711712945, 0.0, 0.0, 0.03956024174444537, 1.7184980148327625E-4, 0.00869324233679861, 0.0693843570435223, 0.0, 0.0, 1.8541721699444312E-4, 0.0, 6.498332102509125E-5, 9.386274083998501E-5, 1.0567038866345404E-4, 0.017385041434806032, 7.211300612568022E-4, 3.124662851973312E-4, 1.0043222407764872E-4, 6.124514696819629E-4, 1.2802649402288296E-4, 0.0, 6.404817447931344E-5, 9.145948316186794E-5, 7.840237709982126E-5, 0.0, 0.0, 2.3870903110671357E-4, 0.0015877299315318774, 9.065233206492966E-5, 0.0, 7.7140543769108E-5, 0.0, 0.0, 4.268553411594425E-5, 0.0, 0.0, 0.001644429158813153, 0.0026177991210032904, 0.0, 1.2127246163355792E-4, 0.0, 0.0, 0.0, 0.0, 0.0, 0.0, 0.0, 7.442426641819225E-4, 0.0, 0.0, 0.0, 1.3216068008289962E-4, 0.013401013830611484, 0.0, 0.0, 0.0, 0.0, 0.0, 0.0, 0.0, 2.661800013911618E-4, 0.0, 0.0, 7.303489109976125E-5, 0.0, 0.001243215270289177, 4.3025247233871697E-4, 1.025951277124507E-4, 9.654788237430961E-4, 2.265593050572675E-4, 8.806953516760935E-5, 1.5033940390376494E-4, 2.267563120979779E-4, 0.0, 1.4047791011575272E-4, 1.2138939103154719E-4, 0.0, 0.0, 1.3213219049390226E-4, 1.5418737220567808E-4, 2.842395187683857E-4, 9.402199525556833E-5, 2.4529743052709114E-4, 8.064552502492829E-4, 6.576534968448472E-4, 7.136228654156356E-5, 0.0, 5.15905219769883E-5, 0.0
0.02238084923102465, 6.789451283456981E-5, 0.0, 0.011952336443490641, 0.0, 8.163025394335882E-5, 0.011063936997877336, 0.0, 0.0013242155191131916, 3.938798847552826E-5, 9.121247399172701E-4, 0.0014006935856971964, 9.023199750049327E-5, 9.183541169772538E-4, 8.320838594915855E-4, 0.013535950578605377, 0.04141161526294266, 8.27142191642277E-5, 0.0, 0.0012084911155184818, 0.0, 0.0013417015719659994, 0.008286830833153111, 8.637194281609467E-4, 7.531663410430966E-5, 8.138775783296313E-4, 9.161440519441705E-4, 0.0014006935856971964, 9.023199750049327E-5, 9.183541169772538E-4, 0.0, 7.754167550732184E-4, 0.0, 0.0, 0.0, 0.017962702081645677, 3.863536731432018E-5, 0.0038077126465366766, 0.0, 0.0, 5.738803168537528E-4, 0.0, 0.0065079114303070364, 0.0, 0.0, 0.0, 0.0, 0.0201287166409479, 0.0035623500012966765, 0.0, 0.001675947396258345, 0.0012349700764280915, 3.220626677786172E-5, 8.95164774657446E-5, 0.010742270416546278, 0.11345158624336231, 0.0, 0.0, 2.259701893338425E-4, 0.0, 0.0013477636668965626, 0.0, 3.0435195827883716E-4, 0.0, 6.493049136623219E-4, 0.0, 0.0, 0.0, 0.001263296768280404, 0.0042495013398007615, 0.012179727263474983, 0.0, 3.76868549381615E-5, 6.935458067981376E-5, 0.0, 8.477175487582175E-4, 4.7986427138664666E-5, 0.0, 8.12583670346181E-4, 5.378440447955138E-4, 0.0, 3.3883007989437647E-4, 0.0, 0.02083376006357374, 8.878804179146764E-4, 0.0165310176267263, 8.996333761462305E-5, 0.0011963672880759015, 0.0, 0.0, 3.6869746366424147E-4, 0.0024997832293431853, 0.0, 2.259701893338425E-4, 0.0, 7.649739465710081E-4, 9.089561391986251E-4, 0.0, 3.215151365982493E-4, 0.012355127452352042, 0.003920515097808284, 0.0021812262758955352, 0.0, 0.0, 3.346416320044663E-4, 0.0, 2.8568537841435095E-4, 2.0718957392365555E-4, 0.0012143224279077451, 6.400005950707992E-5, 8.315183092485106E-5, 3.841387286852844E-4, 3.5397409397724624E-4, 5.212493770334659E-4, 0.0, 4.323359881193634E-4, 0.0, 0.022391538804983006, 7.163655571189564E-5, 0.022287011611508985, 0.019614265952857684, 0.023366924558011086, 0.01733764576306735, 0.0, 0.0013656516233758428, 0.0, 0.007546906221995252, 0.0, 0.0, 0.02251412486002518, 9.780142175972099E-5, 0.004947410197174085, 0.0, 0.0, 0.0, 0.0, 0.0, 0.0, 5.3418214191583546E-5, 0.016370917246706477, 0.00989399903287729, 4.1040225042944495E-4, 1.7782765345382954E-4, 0.0, 0.002347464970663083, 6.941044025400811E-4, 0.0, 3.645044958519268E-5, 0.0, 0.0, 0.0, 0.0, 1.358516706310772E-4, 9.035928079869998E-4, 5.15911388041217E-5, 0.0, 4.390144644229307E-5, 0.0, 8.111796161309749E-4, 0.0, 0.0, 0.0, 0.0, 0.0, 0.0, 0.0, 3.2046801303473895E-4, 0.002824531010343098, 0.0, 0.0, 0.0, 0.0, 0.0, 0.0, 0.0, 0.0, 0.0, 0.0, 0.006883511261435434, 0.0, 0.0, 0.0, 0.0, 0.0, 0.0, 0.0, 0.002045552681604906, 4.765936644334573E-4, 5.972160680296887E-4, 0.0011716630404179044, 2.0266064909824907E-4, 0.001271800309645199, 2.4486093755806017E-4, 0.0016458834600497703, 0.005079770634017499, 0.0, 0.001253031088596887, 8.555964174173363E-5, 1.2904926002100414E-4, 1.5418409492073902E-4, 0.0026696726348724564, 6.908390307676544E-5, 2.594380717911273E-4, 0.0, 0.0027608980937840507, 0.0011849064206046363, 7.748961338516178E-5, 4.1950936404444724E-4, 6.687318898610527E-5, 0.023374415844464723, 0.0011098328133021431, 4.061298310239084E-5, 0.0, 2.936067632971114E-5, 0.0
0.009377805711708471, 0.007260733969783, 0.0, 0.009580038629838097, 8.163025394335882E-5, 0.0, 2.774927872473118E-4, 0.015313866345012932, 0.0, 0.048931893115774505, 0.028331176606004302, 2.0252705452373016E-4, 0.009649535758648577, 0.021607123315723162, 0.0, 0.0, 0.09892856416525081, 0.008845574050043029, 0.0, 0.0, 0.0, 0.0, 0.8665993981031757, 0.014930208839530558, 0.008054465978176025, 0.11646667712896921, 0.019741079547114435, 2.0252705452373016E-4, 0.009649535758648577, 0.021607123315723162, 0.0, 8.507126723709161E-5, 0.0, 0.0, 0.0, 8.349355972736398E-5, 6.186124375956702E-5, 4.1774560324659E-4, 0.0, 0.0, 6.296062791751584E-5, 0.0, 8.447688246291795E-5, 0.0, 0.0, 0.0, 0.0, 0.0, 1.2663654601922908E-4, 0.0, 0.0, 1.354890369781929E-4, 5.1567251930655166E-5, 1.433298300998346E-4, 0.0, 0.0, 0.0, 0.0, 3.6181348687721964E-4, 0.0, 7.655457246867765E-5, 0.0, 5.1154151985360866E-5, 0.0, 0.0, 0.0, 0.0, 0.0, 0.0, 0.0, 6.451949805612696E-5, 0.0, 6.0342527635215073E-5, 1.1104749144409704E-4, 0.0, 0.0, 7.683374774789222E-5, 0.0, 2.0971176422181147E-4, 2.3907828684356734E-4, 0.0, 0.0, 0.0, 1.0738162739265326E-4, 5.0432659275704823E-5, 0.0, 1.4404532283402585E-4, 0.0, 0.0, 0.0, 6.196906436730858E-5, 0.0, 0.0, 3.6181348687721964E-4, 0.0, 0.0, 0.0, 0.0, 0.0, 0.0, 0.0, 0.0, 0.0, 0.0, 0.0, 0.0, 0.0, 0.0, 1.869673714908334E-4, 1.0247406863210588E-4, 1.33139039161922E-4, 0.0, 0.0, 8.760932574850019E-5, 0.0, 7.266515047272126E-5, 0.0, 0.0, 1.1470128907890147E-4, 0.0, 8.900246075210719E-5, 0.0, 0.0, 0.0, 0.0, 0.0, 0.0, 0.0, 0.0, 6.077886871999087E-5, 1.5659531698739276E-4, 0.0, 0.0, 0.0, 0.0, 0.0, 0.0, 0.0, 8.553088527468184E-5, 0.0, 0.0, 0.0, 2.847297847074377E-4, 0.0, 0.0, 1.1666204581707899E-4, 0.0, 5.836284999158392E-5, 0.0, 0.0, 0.0, 0.0, 2.1751969493864653E-4, 0.0, 8.260545285957472E-5, 0.0, 7.029305707565148E-5, 0.0, 0.0, 0.0, 0.0, 0.0, 0.0, 0.0, 0.0, 0.0, 0.0, 0.0, 0.0, 0.0, 0.0, 0.0, 0.0, 0.0, 0.0, 0.0, 0.0, 0.0, 0.0, 0.0, 0.0, 0.0, 0.0, 0.0, 0.0, 0.0, 1.1618981491243824E-4, 0.0, 0.0, 6.655184832447898E-5, 0.0, 7.223976381156766E-5, 3.920605185979662E-4, 9.348812979022693E-5, 0.0, 0.0, 0.0, 1.3699431949763878E-4, 2.0662797550761566E-4, 0.0, 1.2800819479819733E-4, 1.1061409442094461E-4, 0.0, 0.0, 1.2040329448180821E-4, 6.730408800353928E-5, 1.240729465169949E-4, 0.0, 1.0707439665820717E-4, 9.42478986585478E-5, 7.6857903899706E-5, 6.502771481530519E-5, 0.0, 4.701101818449139E-5, 0.0
0.0021294417142830794, 6.856560426563572E-4, 0.0, 0.0023744350629254654, 0.011063936997877336, 2.774927872473118E-4, 0.0, 0.0, 8.806598757832754E-4, 3.977731215500226E-4, 2.8000197311912894E-4, 0.02871853239774664, 9.112387988984166E-4, 6.107447095347904E-4, 0.037499445513947835, 0.7618670089486471, 0.0, 0.20376697971695468, 0.0, 8.036982049496178E-4, 0.0, 9.629512349897132E-4, 0.0, 0.0, 7.60610881942489E-4, 7.422274641021626E-4, 2.812358123615725E-4, 0.02871853239774664, 9.112387988984166E-4, 6.107447095347904E-4, 2.473466488635769E-4, 0.013290852019380139, 0.015186380088186199, 0.0, 5.90973221175155E-4, 0.002022260841501114, 3.9017251841629464E-4, 0.06526522026553666, 2.3292830449307472E-4, 3.006417450694835E-4, 0.0010422558307549771, 0.0, 0.0013984378209557894, 0.0, 0.0, 0.0, 0.0, 0.0, 0.012109804677273121, 0.0, 0.003637191034083739, 0.0022428975609789306, 1.0948155007848574E-4, 9.040128742252033E-4, 0.025503570888765165, 0.003199642532871698, 0.0, 0.0, 7.68160022098672E-4, 0.0, 1.6253170269257957E-4, 0.0, 1.086045046542119E-4, 0.0, 0.0, 0.00746863347126764, 0.0, 0.0, 0.0, 0.06858479916962638, 0.001119797807300363, 0.0, 1.2811218775127142E-4, 2.357630286751769E-4, 0.0, 6.660779476258048E-4, 4.8460740580440025E-4, 0.0, 0.0027622859989198567, 0.0018283398113429173, 0.0, 0.0011518144159928742, 0.0, 0.002226904534207839, 3.1808991355737945E-4, 0.0011018689992497652, 3.0582015979118093E-4, 0.004066914866760605, 0.0, 3.3485105457069795E-4, 1.3156546005146415E-4, 0.0018846986970523453, 0.0, 7.68160022098672E-4, 0.0, 0.001221238897731872, 0.0, 0.0, 0.0010929542306551512, 0.659213171334526, 0.013327346288679496, 0.002052693400388021, 0.0, 0.0, 0.0011375762625746848, 0.0, 9.711550326305319E-4, 7.043174506911554E-4, 0.024755054399193278, 2.1756094142419709E-4, 2.826652155714795E-4, 0.0, 0.0, 1.8600186019559583E-4, 0.0, 1.542741374145368E-4, 0.0, 0.04606737635250734, 2.4352034390441238E-4, 0.002145264433756209, 0.002456719602480156, 0.0, 0.0, 0.0, 0.002373794462526423, 0.0, 0.08815530655100345, 0.0, 0.0, 1.2903857604104147E-4, 3.324648376040342E-4, 0.0, 0.0, 0.0, 0.0, 6.500340945188323E-4, 0.0, 0.0, 1.8158915879499586E-4, 0.048639248652414625, 0.0, 0.0, 0.04037495911819461, 0.0, 0.04061403401861061, 2.476831929798524E-4, 0.0, 1.2390916802526545E-4, 0.0, 2.7486238350634784E-4, 0.0, 0.0, 4.618123418037996E-4, 0.040121204802638505, 1.7537822329883113E-4, 0.0, 1.4923798651800713E-4, 0.0, 6.373689617017856E-4, 1.4964658065675808E-4, 0.0, 0.0, 0.005765025689504921, 0.0, 0.0, 0.0, 2.5180164869133764E-4, 0.0022193215430430643, 0.0, 0.0, 0.0, 0.0, 0.0, 0.002609159570808778, 0.0, 0.0, 0.0, 0.0, 0.0, 0.0, 0.0, 0.0, 0.0, 0.0, 0.0, 0.0, 7.328348080893237E-4, 0.0, 4.692511715312204E-4, 1.412950902435196E-4, 6.889218845581919E-4, 0.002540617064813228, 8.323769775128092E-4, 1.9848304844975018E-4, 0.08198492503080146, 0.0, 0.0, 0.17250654179752067, 4.386883186750753E-4, 5.241313383448173E-4, 0.0016861011376742294, 0.016148010291710688, 8.819302915478084E-4, 0.0, 2.5562617399412917E-4, 1.4289215743268864E-4, 2.6341714942949217E-4, 3.296215073308914E-4, 2.2732781912875952E-4, 0.0033902009190573774, 0.0015938966361360584, 1.380592284734315E-4, 0.0, 2.965088679698672E-4, 0.0
0.010010980508790054, 0.0, 0.0, 0.0, 0.0, 0.015313866345012932, 0.0, 0.0, 0.0, 0.014778402907620072, 0.0, 0.0, 0.0, 0.0, 0.005272836953984452, 0.0, 0.0, 0.0, 0.0, 0.0, 0.0, 0.0, 0.014294617468239748, 0.9749470514605011, 0.0, 0.027575861513366367, 0.0, 0.0, 0.0, 0.0, 0.02121173771438374, 0.0, 0.0, 0.0, 0.0, 0.0, 0.0, 0.0, 0.0, 0.0, 0.0, 0.0, 0.0, 0.0, 0.0, 0.0, 0.0, 0.0, 0.0, 0.0, 0.0, 0.0, 0.0, 0.0, 0.0, 0.0, 0.0, 0.0, 0.0, 0.0, 0.0, 0.0, 0.0, 0.0, 0.0, 0.0, 0.00891790379808774, 0.0, 0.009639763741114778, 0.0, 0.002572318083261796, 0.0, 0.0, 0.0, 0.0, 0.0, 0.0, 0.0, 0.0, 0.0, 0.005347272677130207, 0.0, 0.005105548598546697, 0.06849890908002104, 0.004524057099611965, 0.0, 0.0, 0.005096099332723074, 0.0, 0.0, 0.0, 0.0, 0.0, 0.0, 0.0, 0.0, 0.0, 0.04902486369636612, 0.0, 0.0160158002136189, 0.0, 0.0, 0.0, 0.0, 0.0, 0.0, 0.0, 0.002541495976309688, 0.0, 0.0, 0.0, 0.0, 0.0, 0.0, 0.0, 0.0, 0.0, 0.0, 0.0, 0.013502510986701445, 0.0, 0.0, 0.0, 0.0, 0.0, 0.0, 0.0036433209798541924, 0.0, 0.0, 0.0, 0.0, 0.0, 0.0, 0.0, 0.0, 0.0, 0.0, 0.0, 0.0, 0.0, 0.0, 0.0, 0.0, 0.0, 0.0, 0.0, 0.0, 0.0, 0.0, 0.0, 0.0, 0.0, 0.0, 0.0, 0.0, 0.0, 0.0, 0.0, 0.0, 0.0, 0.0, 0.0, 0.0, 0.0, 0.0, 0.0, 0.0, 0.0, 0.0, 0.0, 0.0, 0.0, 0.0, 0.0, 0.0, 0.0, 0.0, 0.0, 0.0, 0.0, 0.0, 0.0, 0.0, 0.0, 0.0, 0.0, 0.004632354109917377, 0.0035682054700108936, 0.0, 0.013767614399019284, 0.0, 0.0, 0.0, 0.003727264068615763, 0.00516031866392288, 0.0, 0.0, 0.0, 0.0, 0.0, 0.0, 0.0, 0.0, 0.0, 0.0, 0.0, 0.0, 0.0, 0.0, 0.0, 0.0, 0.0, 0.0, 0.0, 0.0
0.007874620543531975, 3.450045232010388E-4, 0.0, 0.014635689432860172, 0.0013242155191131916, 0.0, 8.806598757832754E-4, 0.0, 0.0, 2.00149225858036E-4, 0.0587278384812799, 0.0032854175466206052, 0.012856675821824773, 0.01535726342360609, 0.002565176157549247, 0.03178634626141215, 0.00481840714305491, 0.0, 0.0, 0.9126090867201067, 0.0, 0.0010824683650504493, 0.0, 0.07585780775450533, 3.827198746027955E-4, 0.002282472396098689, 0.058986624913871424, 0.0032854175466206052, 0.012856675821824773, 0.01535726342360609, 0.005260591367543067, 0.0, 0.0, 0.0, 0.2293933881562343, 0.0, 1.963247974317465E-4, 0.0, 1.7667406163013964E-4, 2.2803410823169352E-4, 0.0, 0.0, 0.0, 0.0, 0.0, 0.0, 0.0, 0.0, 0.0, 0.0, 0.0, 0.0, 0.0, 4.548760766861378E-4, 2.353292558910421E-4, 0.009598602003317894, 0.0, 0.0, 0.0, 0.0, 0.0, 0.0, 0.0, 0.0, 0.0, 0.0, 0.0, 0.0, 0.03990180605371418, 3.4363169036359117E-4, 2.047611172432681E-4, 0.0, 0.0, 0.0, 0.0, 5.052142401732767E-4, 2.4384200908010372E-4, 0.0, 0.0, 0.0, 0.0, 0.0, 0.0, 3.407897249478368E-4, 1.6005468067744426E-4, 0.0, 0.0, 0.0, 0.0, 2.539815673363116E-4, 0.0, 0.0, 0.0, 0.0, 0.0, 0.0015549815555822733, 0.002343656756415047, 0.09119245824665458, 0.057536015883054376, 0.0, 0.0, 0.0, 0.0, 0.0, 0.0, 0.0, 0.0, 0.015195550307549998, 2.9668277829127246E-4, 0.0, 0.0, 0.0, 0.0, 0.0, 0.0, 0.0, 0.0, 4.250777840158776E-4, 0.0, 0.02014488899270341, 0.0, 0.0, 0.0, 0.02056990812365105, 2.539636886767945E-4, 0.0, 0.002964840027374778, 0.0, 0.0, 0.0, 0.0, 0.0, 0.0, 0.0, 0.0, 4.930451192981859E-4, 0.0, 0.0, 0.0, 2.809893829137765E-4, 0.002162674625384286, 0.0010581830801152958, 0.0, 0.0, 8.987085928434329E-4, 0.0, 0.0, 0.0, 0.0, 2.0848069018100532E-4, 0.0, 0.0, 0.0, 0.0023298279181587812, 0.0, 0.0, 0.0, 0.0, 4.834387279206222E-4, 1.1350560968204617E-4, 0.0, 0.0, 0.0043727210661820325, 0.003841346916197839, 0.0, 0.0, 1.909893265066325E-4, 0.0016833357883491765, 0.0, 0.0, 0.0, 0.0, 0.0, 0.001979024489184156, 0.0, 0.0, 0.0, 0.0, 0.017748477599750193, 0.0, 0.0, 0.0, 0.0, 0.0, 0.0, 0.0, 3.687436671169221E-4, 0.0, 3.5592286896840797E-4, 0.0, 0.0, 2.2926239653288372E-4, 0.0, 0.0, 4.107705893107463E-4, 0.0, 0.0, 0.0, 0.0, 0.0, 0.0, 3.510483844245298E-4, 0.0, 0.0, 0.0, 0.0, 0.0, 2.5001500194463854E-4, 0.0, 5.982162170687232E-4, 2.4391867180660823E-4, 0.0, 0.0, 1.4919565241853169E-4, 0.0
0.05355505539607579, 1.558303380411153E-4, 0.0, 1.444790133858467E-4, 3.938798847552826E-5, 0.048931893115774505, 3.977731215500226E-4, 0.014778402907620072, 2.00149225858036E-4, 0.0, 0.009483617344734492, 2.0400123647924465E-4, 2.8291418724146733E-4, 1.388050985081576E-4, 1.9516789019490314E-4, 8.369356358965921E-4, 0.04773471791408621, 6.390376276302417E-5, 0.0, 1.8265800221803864E-4, 0.0, 0.0, 0.026009266456124978, 0.014408160340079485, 1.7286546530189756E-4, 0.5042930464213142, 0.009525407261819377, 2.0400123647924465E-4, 2.8291418724146733E-4, 1.388050985081576E-4, 8.723640577826849E-5, 8.56904957514676E-5, 0.0, 3.1615176715395485E-5, 2.0842966728431748E-4, 8.410130420595329E-5, 8.867524189477185E-5, 2.0156937178948892E-4, 0.03583906237724227, 1.0603299210749998E-4, 3.0379575794874676E-5, 0.0, 4.0761535241661124E-5, 5.786320651987674E-5, 3.109454122809714E-5, 0.0, 6.387011371469277E-5, 0.0, 6.110429129189183E-5, 3.544739547474933E-5, 0.0, 6.537576902260336E-5, 5.194260678124741E-5, 2.806707395212193E-4, 0.005405758170785527, 1.5917365192663114E-4, 0.0, 9.662389821282442E-5, 1.745811725797044E-4, 3.801057772291051E-5, 3.6938885676351436E-5, 0.0, 2.46827499798405E-5, 5.097086473876032E-5, 0.0, 2.8059232682494088E-5, 0.0, 0.0, 3.904016397432183E-5, 1.0296470642596431E-4, 1.2634310122559703E-4, 7.407437162900887E-5, 6.078175717716027E-5, 1.1185579929450751E-4, 0.0, 1.513807875711851E-4, 1.1013763631567035E-4, 0.0, 1.0118949964412585E-4, 1.1535934720327537E-4, 0.0, 0.0, 0.0, 2.1027640059501323E-4, 9.875803079564303E-5, 0.0, 6.950432274383423E-5, 0.0023052681521396248, 2.9373710799490523E-5, 7.610222878663929E-5, 2.9901129486041464E-5, 0.0, 6.864265463152605E-5, 1.745811725797044E-4, 0.0, 1.1830862711000948E-4, 0.0, 0.0, 5.191006313806102E-5, 0.0, 6.689184080623981E-5, 0.0, 0.0, 0.0, 5.4029394789216327E-5, 5.4040800812258456E-5, 0.0, 0.0, 2.2816870281585814E-4, 4.944548423336437E-5, 1.3410815002747327E-4, 0.0, 3.488202369473209E-5, 8.824702863445262E-5, 0.0, 3.506217328906063E-5, 0.0, 1.2736895480473315E-4, 1.1553619269724523E-4, 0.006278050922044661, 4.294520388029322E-5, 0.0, 0.0, 0.0, 7.60968716819831E-5, 0.0, 4.795413247923378E-5, 0.0, 0.0, 2.9326839805738592E-5, 7.555990876986519E-5, 0.0, 0.0, 0.0, 0.0, 2.292597789365261E-4, 0.0, 0.03502956649887095, 4.12701095581362E-5, 1.3065652876154596E-4, 0.0, 0.0, 1.373869728064053E-4, 4.415861771944086E-5, 0.0, 5.6291424982740704E-5, 0.0, 2.8161069601260438E-5, 4.021343140464601E-5, 9.694089865744165E-5, 0.0, 0.0, 1.0495695925910897E-4, 0.0, 3.985853856961362E-5, 0.0, 3.391759780542326E-5, 0.058325908614164916, 1.4485604235924842E-4, 5.2778680824997E-5, 0.0, 0.0, 0.0020332602955505457, 0.0, 0.0, 5.332177318936475E-5, 5.7227434156147434E-5, 5.043893800373901E-4, 0.0, 0.0, 0.0, 0.0, 0.0, 9.202214952379116E-4, 0.0, 0.0, 0.0, 5.810916767919012E-5, 5.741374497542474E-4, 0.0, 0.0, 0.0, 0.0, 0.0, 0.0, 0.0, 2.27524732664462E-4, 0.0, 1.0664759607835635E-4, 0.003524499830337263, 0.0, 1.414610476947346E-4, 1.8917588078265038E-4, 4.5109615625246125E-5, 1.2308199250205885E-4, 9.96148978546078E-5, 3.8722919579959996E-5, 6.610209348766615E-5, 9.970151904296307E-5, 0.0, 6.176613520010706E-5, 1.5856020641730867E-4, 0.0, 0.0, 5.809664121289833E-5, 6.779399031461817E-5, 1.2497606585259676E-4, 1.162538312076419E-4, 1.0785378459638822E-4, 2.2472382108992123E-4, 1.10172263045997E-4, 3.1376980445416815E-5, 0.0, 6.738812794375135E-5, 0.0
8.621561004752626E-5, 0.007326388040567066, 0.0, 0.011124654352907905, 9.121247399172701E-4, 0.028331176606004302, 2.8000197311912894E-4, 0.0, 0.0587278384812799, 0.009483617344734492, 0.0, 0.0022630082354251598, 0.01750550693820758, 0.0529376298514138, 0.0013443430067944077, 0.0, 0.0030192245141527534, 0.00892555879362737, 0.0, 0.05359555904144679, 0.0, 6.782770584810092E-4, 0.0, 0.001395454508383449, 0.008127297248631569, 0.0442816060327976, 0.995612794714575, 0.0022630082354251598, 0.01750550693820758, 0.0529376298514138, 0.0, 8.584051109372076E-5, 0.0, 0.0, 0.0, 8.424853740636546E-5, 6.242061454680196E-5, 4.215230036470765E-4, 0.0, 0.0, 6.352993971699902E-5, 0.0, 8.524075168659691E-5, 0.0, 0.0, 0.0, 0.0, 0.0, 1.277816375197299E-4, 0.0, 0.0, 1.3671417576736368E-4, 5.2033540879194644E-5, 1.4462586805550205E-4, 0.011075721405199317, 0.0, 0.0, 0.0, 3.6508512971345706E-4, 0.0, 7.724680542207045E-5, 0.0, 5.161670554114775E-5, 0.0, 0.0, 0.0, 0.006599585628554174, 0.0, 0.0, 0.0, 6.510290569920522E-5, 0.0, 6.0888165665356295E-5, 1.1205162131498963E-4, 0.0, 0.0, 7.752850510083184E-5, 0.0, 2.116080506123844E-4, 2.4124011550065414E-4, 0.0, 0.0, 0.0, 1.0835260925138621E-4, 5.0888688844574255E-5, 0.0, 1.4534783052275494E-4, 0.0, 0.0, 0.0, 6.252941010581457E-5, 0.0, 0.0, 3.6508512971345706E-4, 0.018602523311175623, 8.149259355109946E-4, 0.02304792695507765, 0.007346750775361899, 0.0, 0.0, 0.0, 0.0, 0.0, 0.0, 0.0, 0.0, 0.0, 0.0, 1.8865799520645986E-4, 1.0340067464514845E-4, 1.3434292845708652E-4, 0.004788793254684065, 0.0, 8.840151960906222E-5, 0.0, 7.332221392560705E-5, 0.005875266099443792, 0.0, 1.1573845785323611E-4, 0.006196829531347944, 8.980725182178324E-5, 0.0, 0.0, 0.012889149674766155, 0.0, 0.0, 0.0018577752824589899, 0.0, 0.0, 6.132845229731575E-5, 1.58011306069038E-4, 0.0, 0.0, 0.0, 0.0, 0.0, 0.0, 0.0, 8.63042851567623E-5, 0.0, 0.0013551366771709828, 6.630598455240086E-4, 2.8730441001629923E-4, 0.0, 0.0042408764990980756, 1.177169444328063E-4, 0.0, 5.889058709095347E-5, 0.0, 0.0, 0.006498750266235414, 0.0, 2.1948658334247233E-4, 0.02291193176161275, 8.335239996874616E-5, 0.0, 7.092867123863825E-5, 0.12197146804209932, 0.010112418207245533, 0.0, 0.0, 0.0, 0.0, 0.0, 0.0, 0.0, 0.0, 0.0, 0.0, 0.0, 0.0, 0.0, 0.0, 0.0, 0.0, 0.0, 0.0, 0.0, 0.011121235102619914, 0.0, 0.0, 0.0, 0.0, 0.0, 0.0, 0.0, 1.1724044345280282E-4, 0.0, 0.0, 6.715363318244098E-5, 0.0, 7.289298077096145E-5, 3.9560566556889117E-4, 9.43334818326322E-5, 0.0, 0.0, 0.0, 1.3823306957259598E-4, 2.08496377212788E-4, 0.0, 1.2916568922192878E-4, 1.1161430536587818E-4, 0.0, 0.0, 1.2149202276347248E-4, 6.791267487316306E-5, 1.2519485706307952E-4, 0.0, 1.0804260043025216E-4, 9.510012079415135E-5, 7.755287968093505E-5, 6.561571793030399E-5, 0.0, 4.743610808977652E-5, 0.0
2.763833703721474E-4, 1.6844827791727963E-4, 0.0, 0.0027029152043107707, 0.0014006935856971964, 2.0252705452373016E-4, 0.02871853239774664, 0.0, 0.0032854175466206052, 2.0400123647924465E-4, 0.0022630082354251598, 0.0, 4.673363574158978E-4, 0.002278463502639587, 0.0022872980430252775, 5.812131406623768E-4, 0.0046364364715478145, 0.01370642896072635, 0.0, 0.0029983019067156445, 0.0, 0.0010415881551750063, 0.0, 0.002142913237066911, 1.8686277850331673E-4, 0.0022175652020328188, 0.002272980266463857, 0.9999999999999998, 4.673363574158978E-4, 0.002278463502639587, 9.962033214424947E-5, 0.008947632821986582, 0.011083721701915954, 1.0152693046358631E-4, 2.3801797538925657E-4, 2.700774802203388E-4, 9.585547961226524E-5, 0.04323370261210144, 0.0, 0.06604527622410777, 9.755900171000858E-5, 0.0, 1.3089895373110153E-4, 1.8581815302278225E-4, 9.985499538659293E-5, 0.0, 2.0510834565903982E-4, 0.0, 1.9622636270122843E-4, 1.1383346953514254E-4, 0.0, 2.0994350957808029E-4, 1.6680512256030084E-4, 4.636304821614382E-4, 1.249589445370496E-4, 1.8176966293004102E-4, 0.0, 3.102917273967656E-4, 5.606386682039233E-4, 1.2206470696320459E-4, 1.1862314454940361E-4, 0.0, 7.926458432962156E-5, 1.6368453311478662E-4, 0.0, 9.010760215140331E-5, 0.0, 0.0, 1.253710535540936E-4, 0.0, 2.0870188691175066E-4, 2.3787763849031384E-4, 1.9519059753903215E-4, 3.5920646780355256E-4, 0.0, 0.0, 1.1905573333454041E-4, 0.0, 3.24953404072274E-4, 3.7045753459692915E-4, 0.0, 0.0, 0.0, 3.473484594843818E-4, 1.6313504397787978E-4, 0.0, 2.2320167954954437E-4, 0.03997939720321709, 9.432883202405542E-5, 0.0, 9.602255022771102E-5, 0.0, 2.2043457439278587E-4, 5.606386682039233E-4, 0.0, 0.001386534900753869, 0.002255146844096471, 0.0, 1.6670061401275862E-4, 0.0, 2.1481212429248447E-4, 0.0, 0.0, 0.0, 1.7350649838636525E-4, 1.735431269498773E-4, 0.0, 0.0, 4.472478553098402E-4, 1.5878602497434565E-4, 4.306662254337224E-4, 0.0, 1.1201787122574158E-4, 2.8339079108880146E-4, 0.0, 1.1259639196282575E-4, 0.0, 0.0, 3.71025444760162E-4, 3.8841175886934575E-4, 1.379114457385226E-4, 0.0, 0.0, 0.0, 0.0, 0.0, 0.0030068674688543203, 0.0, 0.0, 9.417831355103692E-5, 2.426481962309369E-4, 0.0, 0.0, 0.0, 0.0, 2.6180509296800205E-4, 0.0, 9.17550412961565E-5, 1.325321563454392E-4, 0.08138265610566522, 0.002080999635673262, 0.0010182200217955825, 0.02946751022914449, 1.4180812433626404E-4, 8.647682052270324E-4, 1.8077063561488336E-4, 0.0, 9.04346346353047E-5, 1.291388085752353E-4, 1.107024577234714E-4, 0.0, 0.0, 3.370519798227141E-4, 0.0022418402620358623, 1.2799912871487215E-4, 0.0, 1.0892077640060153E-4, 0.0, 0.0, 6.0271049305785494E-5, 0.0, 0.0, 0.0023218983424569115, 0.0, 0.0, 1.712340882205325E-4, 0.0, 0.0, 0.0, 0.0, 0.0, 0.0, 0.0, 0.0010508545163459184, 0.0, 0.0, 0.0, 1.8660801675636667E-4, 0.018921941169540196, 0.0, 0.0, 0.0, 0.0, 0.0, 0.0, 0.0, 3.758403946518329E-4, 0.0, 0.0, 1.0312368378851219E-4, 0.0, 2.3367471030878018E-4, 6.075071686774718E-4, 1.448620974050494E-4, 0.0, 3.1989682988857227E-4, 1.2435227545722308E-4, 2.122759809136753E-4, 3.2017499956151093E-4, 0.0, 1.9835176535363218E-4, 0.011447773060292677, 0.0, 0.0, 1.865677900739853E-4, 2.177092287821863E-4, 4.0134004189356157E-4, 1.3275702012968316E-4, 3.463546570536747E-4, 1.4603937747317125E-4, 1.190931638706398E-4, 1.0076200239259968E-4, 0.0, 7.284469922152895E-5, 0.0
5.694292839536746E-4, 0.008262648962995025, 0.0, 0.10464078627357946, 9.023199750049327E-5, 0.009649535758648577, 9.112387988984166E-4, 0.0, 0.012856675821824773, 2.8291418724146733E-4, 0.01750550693820758, 4.673363574158978E-4, 0.0, 0.008916208125639296, 4.4710048067533E-4, 0.001917294513610782, 0.0, 0.009777671598666462, 0.0, 0.011733119180011985, 0.0, 0.0, 0.0, 0.0, 0.009165908741323, 0.009085843269251426, 0.007949374158715796, 4.673363574158978E-4, 0.9999999999999999, 0.008916208125639296, 1.9984557355670266E-4, 1.963041246258706E-4, 0.0, 7.242564692364525E-5, 4.774812308354354E-4, 1.926635242014101E-4, 2.031417321546116E-4, 4.617653187033241E-4, 1.2127317278679945E-4, 2.429057448505675E-4, 6.959506979881164E-5, 0.0, 9.33785879501557E-5, 0.03989934458074932, 7.123294879899339E-5, 0.0, 1.4631688908513336E-4, 0.00908809891445451, 0.015363607327498266, 8.120468761342809E-5, 0.0, 1.497661204685639E-4, 1.1899275252826331E-4, 6.429747353733224E-4, 2.506766581131943E-4, 3.6464305791374997E-4, 0.0, 2.2135091634456862E-4, 3.9993938602963397E-4, 8.707655523502758E-5, 8.462146885440429E-5, 0.0, 5.6544492894579026E-5, 1.1676663667562726E-4, 0.0, 0.0064922305463607334, 0.0, 0.0, 8.943518352907231E-5, 2.358767607195516E-4, 2.894331707514226E-4, 1.6969331957208296E-4, 1.3924192562137584E-4, 2.562449262578727E-4, 0.0, 3.467907698366585E-4, 2.5230887154646756E-4, 0.0, 2.3181002717713605E-4, 2.6427103112847843E-4, 0.0, 0.0, 0.0, 0.013390606151996208, 2.262398952777846E-4, 0.0, 1.592240202870887E-4, 0.0052810249569120605, 6.729078335865168E-5, 1.743388373824771E-4, 6.849902077946198E-5, 0.0, 1.5725006736475676E-4, 3.9993938602963397E-4, 0.0, 2.710273908074711E-4, 0.017367829433637665, 0.008048136599584628, 1.1891819990335646E-4, 0.0, 1.5323921444178483E-4, 0.0, 0.0, 0.0, 1.237732721132149E-4, 1.2379940160808025E-4, 0.0, 0.0, 5.227004124610906E-4, 1.132722178114676E-4, 3.072217375505986E-4, 0.0, 7.99095053252272E-5, 2.021607595451876E-4, 0.0, 8.032220113362743E-5, 0.0, 2.9178324805090175E-4, 2.6467615773655026E-4, 0.007316564169227371, 9.838104658714285E-5, 0.0, 0.0, 0.0, 1.7432656505599747E-4, 0.0, 1.0985575373296626E-4, 0.0, 0.0, 6.718340891393492E-5, 1.7309646324020704E-4, 0.0, 0.0, 0.0, 0.0, 5.251999048597472E-4, 0.0, 6.545473397093758E-5, 9.454365573424692E-5, 2.9931458886151783E-4, 0.0, 0.0, 3.1473303072001164E-4, 1.0116079642303658E-4, 0.0, 1.2895524536617612E-4, 0.0, 6.45128035276767E-5, 9.212296393974741E-5, 2.2207711700709113E-4, 0.0, 0.0, 2.404407143414114E-4, 0.017265349877515476, 9.130995747145617E-5, 0.0, 7.770014968657629E-5, 0.0, 3.3184355327543167E-4, 1.2090807326297692E-4, 0.0, 0.0, 0.00465789559220461, 0.0, 0.0, 1.221522167382045E-4, 1.3109950255381464E-4, 0.0011554807198922016, 0.0, 0.0, 0.0, 0.0, 0.0, 0.0021080899754450794, 0.0, 0.0, 0.0, 1.331194223346057E-4, 0.0013152631280815878, 0.0, 0.0, 0.0, 0.0, 0.0, 0.0, 0.0, 5.212251730457223E-4, 0.0, 2.4431371073327715E-4, 7.356471310054219E-5, 0.0, 3.240661276708485E-4, 4.3337368224678774E-4, 1.0333939055746184E-4, 2.819624578366478E-4, 2.2820284970412704E-4, 8.870842401412812E-5, 1.5143002131378757E-4, 2.2840128590647383E-4, 0.0, 1.4149698861757985E-4, 3.632377458933541E-4, 0.0, 0.0, 1.3309072607163623E-4, 1.5530590419507456E-4, 2.863014969307023E-4, 0.009736726704359074, 2.470769084378717E-4, 5.148087030513207E-4, 2.523881962128243E-4, 7.187997485281343E-5, 0.0, 1.5437613413442895E-4, 0.0
3.761096904373485E-4, 2.3926341270311442E-4, 0.0, 0.0016136674687779174, 9.183541169772538E-4, 0.021607123315723162, 6.107447095347904E-4, 0.0, 0.01535726342360609, 1.388050985081576E-4, 0.0529376298514138, 0.002278463502639587, 0.008916208125639296, 0.0, 0.0017789703043465685, 0.0015181878017390652, 0.0033416041220091174, 0.0, 0.0, 0.014015178147537253, 0.0, 7.507005205674108E-4, 0.0, 0.0015444550464637685, 2.6541931235322757E-4, 0.02103701511732732, 0.05317090151155612, 0.002278463502639587, 0.008916208125639296, 1.0, 1.301092168135006E-4, 0.0, 0.0, 0.0, 3.108635727151495E-4, 0.0, 1.3615282662365357E-4, 0.0, 1.2252488323787953E-4, 1.5814348879256105E-4, 0.041633339021577696, 0.0, 0.0, 0.0, 0.0, 0.0, 0.0, 0.0, 0.0, 0.0, 0.0, 0.0, 0.0, 3.1546021905779235E-4, 1.632027323901639E-4, 2.3740041791907247E-4, 0.0, 0.0, 0.0, 0.0, 0.0, 0.0, 0.0, 0.0, 0.0, 0.0, 0.0, 0.0, 0.0, 2.383113420847034E-4, 1.4200348229051663E-4, 0.0, 0.0, 0.0, 0.0, 3.503701404506835E-4, 0.0509761833588919, 0.0, 0.0, 0.0, 0.0, 0.0, 0.0, 2.3634041620277985E-4, 1.1099920882972711E-4, 0.0, 0.0, 0.0, 0.0, 1.7613826045162064E-4, 0.0, 0.0, 0.0, 0.0, 0.0, 0.001078392219983196, 0.025508883938849716, 0.008131204737919973, 0.0, 0.0, 0.0, 0.0, 0.0, 0.0, 0.0, 0.0, 0.0, 0.0, 2.0575189381748251E-4, 0.0, 0.0, 0.0, 0.0, 0.0, 0.0, 0.0, 0.0, 2.947948633376353E-4, 0.0, 0.00711214267420889, 0.0, 0.0, 0.0, 0.0, 1.761258614573961E-4, 0.0, 0.002056140413716027, 0.0, 0.0, 0.0, 0.0, 0.0, 0.0, 0.0, 0.0, 3.419307572125852E-4, 0.0, 0.0, 0.0, 1.9486839785609492E-4, 0.0014998322533132393, 7.338584800685201E-4, 0.0, 0.0, 6.232616400337271E-4, 0.0, 0.0, 0.0, 0.0, 1.445830360500555E-4, 0.0, 0.0, 0.0, 0.025358367772554194, 0.0, 0.0, 0.0, 0.0, 3.3526864750042264E-4, 7.871705356642194E-5, 0.0, 0.0, 0.0030325172417634085, 0.0, 0.0, 0.0, 1.3245263460855602E-4, 0.0011674069131291285, 0.0, 0.0, 0.0, 0.0, 0.0, 0.0013724694062324492, 0.0, 0.0, 0.0, 0.0, 0.012308712017455155, 0.0, 0.0, 0.0, 0.0, 0.0, 0.0, 0.0, 2.5572670001095893E-4, 0.0, 2.4683537334042785E-4, 0.0, 0.0, 1.5899531661209032E-4, 0.0, 0.0, 2.848727086957296E-4, 0.0, 0.0, 0.0, 0.0, 0.0, 0.0, 2.4345487908975606E-4, 0.0, 0.0, 0.0, 0.0, 0.0820444651936365, 1.7338741543800688E-4, 0.0, 4.1486775970993653E-4, 1.6915956143697395E-4, 0.0, 0.0, 1.0346838536178959E-4, 0.0
