0.0, 0.002960438089266709, 0.0010577238132480845, 0.002534262109755002, 4.9518503653915126E-5, 6.064032325065363E-5, 0.017397125803361488, 9.026647216274689E-4, 0.0, 0.0010371629768876184, 0.0, 0.012531518039802826, 4.4814741710825626E-5, 0.0011515931114251822, 0.006201542759102652, 0.008722679211005266, 0.022804137350951645, 0.002508546619425642, 7.504888112781465E-5, 3.8400768689183864E-5, 0.09207446353827486, 0.002653873994225374, 0.001024673987676365, 0.001146944846823318, 0.0022412994349176435, 0.07418558613968008, 0.0, 7.863016752284828E-5, 0.023218008447885668, 0.0016935173628589229, 0.0, 0.006063271981184128, 0.03175149730788632, 0.015239350706833694, 4.6624993060540944E-5, 0.009276156834355032, 0.006454788966035354, 2.964067499890978E-5, 0.03199904237556291, 4.859764247660821E-5, 0.002922199181571501, 5.9010378083743166E-5, 8.349314600949545E-5, 0.0164130160025441, 0.0, 0.0021194228050567835, 9.654186374949905E-4, 0.0013215938629249093, 0.0, 1.0617850320869681E-4, 0.0014746738921100687, 3.279386442570618E-5, 0.0, 0.0225122732267513, 0.0011978872811165976, 0.0, 0.0021149554766165114, 0.08901262207060383, 0.0, 0.008669530710423496, 0.007844835498468926, 0.004766943215052639, 0.010483680108551838, 0.030829864390353963, 0.0, 0.0, 4.670395945781355E-5, 8.70914943066502E-5, 0.023637151064190315, 2.4337920086722222E-5, 4.973946514337417E-5, 4.920881310221635E-5, 5.091046929570354E-5, 0.0, 2.6027840702386216E-5, 0.0, 1.0716310702664406E-4, 2.8538273503096744E-5, 1.0605284026670979E-4, 8.253318512130562E-5, 0.0, 0.00500819066199741, 0.028862813952072925, 0.01272093139307168, 0.0, 0.2954468945879323, 0.001985223657547267, 4.960166168441781E-4, 0.014623084698212474, 1.4399546613629653E-4, 5.081038239409814E-4, 0.0, 1.028844802441811E-4, 8.884834532056755E-5, 0.012931768325138558, 0.0016313615504387753, 0.0014947054273928267, 7.509950573009068E-4, 0.0010083057401594105, 7.892092023694604E-4, 0.0, 0.0, 0.008633576122042835, 7.366452419359869E-4, 0.010243158301536312, 7.958757687601153E-4, 9.451175078229429E-4, 0.0017498984011926815, 5.387810514210191E-4, 0.0, 4.94463282071178E-4, 0.006913142305085292, 0.0, 0.0750029037377834, 0.005225809890345174, 0.020533600781288856, 0.004555814845073935, 6.604038685782121E-4, 1.0500444640881918E-4, 2.9766554305890196E-5, 6.684797953193974E-5, 6.368372067528028E-4, 5.609862170349089E-4, 0.00446826915789895, 0.0, 5.632017433211283E-5, 0.0014656835363016081, 1.1014811730441734E-4, 0.02915648071629868, 0.0, 9.237103034965115E-4, 0.016855638214085266, 0.04776031578544322, 0.002011526436352669, 5.343909725637502E-5, 3.385548607281083E-4, 5.161637658497861E-4, 0.00671033559643297, 0.017371496525539844, 0.0, 0.008074038378512415, 0.005170602490991341, 0.0
0.002960438089266709, 0.0, 0.001608681076819838, 0.14046632329649766, 0.0, 0.0, 0.001440520215544818, 9.387673190044972E-4, 0.0026493375166300936, 0.001045848657353514, 0.0, 0.0017249968931630636, 0.0019090281764128194, 0.0011612370825420275, 0.0, 0.002961983410840259, 0.0, 0.0013090383287035568, 0.0014811648112027691, 3.3797610532057917E-4, 0.0013593269943631971, 3.0269440206662836E-4, 0.0014247759362526445, 0.0011170619567274942, 2.5563715300005844E-4, 0.0032417906460505998, 0.005768222961376538, 0.001897868336698443, 9.263002830720531E-4, 0.0021608908427001423, 0.0, 0.0027724837588947683, 0.0, 0.0027438915795593905, 0.00198614165963437, 0.0, 0.0, 0.006058712582200335, 0.0, 0.0, 0.0, 0.0, 0.0, 0.01055608653244697, 0.0014763034462744557, 0.001073913909439108, 9.668468435982105E-4, 0.0015393058356101353, 0.0012852375642185554, 0.039711823551230506, 3.946279051895122E-4, 2.8862814353331184E-4, 0.0, 0.004096155162334772, 0.003206584319220276, 0.0, 0.0, 0.10519338065374088, 0.0017104038277231646, 0.0, 0.005309625338458225, 0.0, 0.0, 0.0, 0.0, 0.0, 0.0, 0.0, 0.0021762879509342947, 0.0, 0.0, 0.0, 0.0, 0.0, 0.0, 3.334803699894267E-4, 0.0, 0.0, 4.6670063041763873E-4, 0.0, 0.0, 5.296717291247E-4, 9.52361588256306E-4, 0.0027020383352399455, 0.0, 0.0014231481668138502, 0.004976676223505752, 0.0034056498909002916, 5.833991974696831E-4, 0.0, 0.007861680760314642, 0.0, 0.0, 0.001261593753673596, 0.0, 0.0, 0.0015544870350589926, 0.0, 0.001048633511144289, 0.0, 0.0, 0.0, 0.008705877664948925, 0.0, 0.0010424838175632574, 0.0, 0.0, 0.0030960820002824754, 0.00833633683983201, 0.0, 0.0, 0.0, 0.0, 0.0, 0.0, 0.0, 0.0, 6.047875427128795E-4, 0.0, 0.0, 0.0, 0.0017047281770669468, 5.137424110291318E-4, 0.0, 0.0, 0.0, 0.0018983547435191975, 0.0, 5.996890657459674E-4, 0.0018228938759688785, 5.172209941376621E-4, 0.0, 8.208456600665801E-4, 0.007001731031231206, 0.0011382051808171117, 0.0, 0.0, 0.04504613989041232, 0.0, 0.0018088741306672145, 0.0, 0.0, 0.003299981078372518
0.0010577238132480845, 0.001608681076819838, 0.0, 9.219027463261933E-4, 0.0, 0.0, 0.06872774074472508, 4.905016124673077E-4, 0.0, 5.464511199353009E-4, 0.0, 5.216534446554098E-4, 0.0, 6.067410421228862E-4, 0.0, 9.423954364862876E-4, 0.0, 0.0, 0.021729284696571375, 0.0, 0.0, 0.0023921160766400594, 0.00279984579271317, 0.0, 0.004040469458984772, 0.02207908748326276, 0.28268276440863666, 0.006099102067452986, 0.0, 8.922652275356046E-4, 0.0, 0.0, 0.0, 0.007750791934012464, 0.0019297002178024908, 0.0, 0.0, 0.0, 0.0, 0.0, 0.0, 0.0, 0.0, 5.835606031622659E-4, 4.900892459897988E-4, 0.0, 2.3520027157909474E-4, 0.0033373827614227008, 4.2666100276009093E-4, 5.671811102846739E-4, 0.0, 0.0, 0.0, 0.00380597030750122, 6.509234590251988E-4, 0.0, 0.0, 3.482555615482118E-4, 0.002487823959710042, 0.0, 0.0, 0.0, 0.0, 0.0, 0.0, 0.0, 0.0, 0.0, 0.0011371004587786794, 0.0, 0.0, 0.0, 0.0, 0.0, 0.0, 0.0, 0.007453654129129013, 0.0, 0.0, 0.0, 0.0, 2.767510457112193E-4, 0.008638967981138222, 0.0019303329452012065, 0.0, 0.0, 0.12023177707645873, 2.7143945481530434E-4, 0.0, 0.0, 0.0, 0.0, 0.0, 0.0, 0.0072472295117706215, 0.0035581933071849987, 8.122123361351349E-4, 0.0, 5.479061932502831E-4, 0.0, 0.0, 0.0, 0.00454878109426401, 0.0, 3.460739114275303E-4, 0.0, 0.0, 0.0010278080003607458, 0.0, 0.0, 0.0, 0.0, 0.005641009041921308, 0.0, 0.0, 0.0, 0.0, 0.0, 0.0, 0.0, 0.0, 3.460528248276235E-4, 0.0, 0.0, 0.0, 0.0, 0.0, 0.0, 0.0, 4.434467956601419E-4, 0.0, 0.0, 0.0, 0.12284839110158317, 0.0, 0.0, 0.0, 0.0, 0.0, 0.0, 0.0, 0.0, 0.0
0.002534262109755002, 0.14046632329649766, 9.219027463261933E-4, 0.0, 4.315989102327291E-5, 0.0014021569207463096, 0.0012072596659754983, 0.0014165941726202262, 0.0029560681141700966, 0.004861911527864585, 0.0, 0.0042351996069580015, 3.90601336016427E-5, 0.0017828178002931064, 5.108798729345286E-5, 0.0015352836067931705, 0.005315617922114228, 0.0012458677992322077, 6.541194284732688E-5, 3.346977128829392E-5, 0.0011392139002684716, 2.997582446784902E-5, 4.953697163806663E-4, 9.99667012245937E-4, 2.531574542995238E-5, 0.002775111978132665, 0.0, 6.853336048169354E-5, 0.00681897100270019, 0.001476054796361616, 0.0, 0.0015049174646856688, 7.486831782285472E-5, 7.167323366315385E-5, 0.002115536480454626, 0.0023637756260330945, 0.0, 0.005544371530007204, 2.7929128709181618E-5, 4.235727654328172E-5, 9.255972739737874E-4, 5.1432925056391945E-5, 0.0010016717994821912, 0.00743701796508411, 0.0, 6.106110078046065E-4, 2.5584340528554147E-5, 6.797959591122284E-5, 0.0, 9.254424688455353E-5, 3.90799986234035E-5, 2.8582842986079604E-5, 0.0, 0.002556435249239062, 0.009100148148031515, 0.0, 5.604795579344524E-5, 0.0, 0.0, 0.0018256146871684124, 0.004473507488714628, 2.8653970075888984E-5, 6.301712492967463E-5, 0.002104000195767269, 0.0, 0.0, 4.0706759126701054E-5, 0.0042153742788258106, 0.0018238860075405136, 2.121271648306371E-5, 4.335247910856814E-5, 4.2889967469934686E-5, 0.007500423967023775, 0.0, 2.268563638629414E-5, 0.0, 9.34024188879061E-5, 2.4873707472956497E-5, 9.24347201726858E-5, 7.193519619524134E-5, 0.0, 7.986343103530842E-4, 8.522754335838747E-4, 6.807296966015543E-4, 0.0014525408521985708, 0.021980194129999926, 0.0017303034299136976, 5.905264818152607E-5, 0.005296800519393116, 0.05717169316740213, 0.008377264386725147, 0.0030988535146500643, 8.96732055225148E-5, 7.743943412414947E-5, 5.6936263614563364E-5, 0.0, 0.0013027720669638698, 8.940879276789898E-5, 8.788303896977701E-4, 5.04228870281258E-5, 0.0, 0.0, 0.007524948798387989, 4.706455487648532E-5, 3.7644823871018E-5, 0.002139354722984006, 0.0016019304674543154, 0.016211246300376875, 0.006986450533711177, 0.0, 8.380923959517505E-4, 0.007173269036598152, 0.0, 0.0, 0.0, 2.3507730430279216E-5, 0.0017648035715191021, 0.0044865243228632825, 9.152094933315742E-5, 6.882776655766742E-4, 5.82641093496852E-5, 5.550616923951287E-4, 0.0038111198726572923, 0.0, 0.0, 4.9088167194517706E-5, 0.005632053350020813, 9.600412751772366E-5, 0.004448702047591207, 0.0026304720437919653, 4.3346843583308393E-4, 5.843108119298677E-5, 0.021939927466276456, 0.00175322869992558, 4.657704582688603E-5, 0.0024826896464795953, 3.2977906460436476E-5, 0.0020841908783700916, 0.0020614440842410854, 0.0, 0.0, 0.0, 0.0
4.9518503653915126E-5, 0.0, 0.0, 4.315989102327291E-5, 0.0, 4.9194361892545875E-5, 0.1689988042186265, 0.11904212286099966, 0.0, 2.5582710193606597E-5, 0.02792970895188676, 2.4421779751674798E-5, 3.6355885055734145E-5, 0.007300149047134998, 4.755101487137429E-5, 2.2059639425993457E-5, 3.412139293550751E-5, 1.384975978875158E-4, 0.005786396691506995, 3.115256005544617E-5, 0.0, 2.7900509504610347E-5, 0.01689612248211021, 5.909315040893719E-5, 2.3563061517866103E-5, 5.4224617138150304E-5, 0.0, 6.378859328967728E-5, 4.900176003824934E-5, 4.177237798428971E-5, 0.0, 5.2799692588440456E-5, 0.04020822353693507, 6.671108376651355E-5, 3.7824448467678116E-5, 1.5983999324881653E-4, 0.0, 2.40459485449723E-5, 2.5995512545177488E-5, 3.9424757042221975E-5, 3.2474373295097735E-5, 4.787207157304077E-5, 6.77336765399584E-5, 5.9083113031386195E-5, 0.0, 3.609494730098511E-5, 2.381306098358449E-5, 6.327316747784328E-5, 0.0, 8.613713502922617E-5, 3.637437476329969E-5, 2.6603968249722135E-5, 0.01572105883801203, 3.6732001543289246E-5, 0.0, 0.0, 5.216759008601211E-5, 0.0, 0.0, 3.0598669721295925E-5, 2.2021141234930785E-5, 2.6670171000788762E-5, 5.865426303584733E-5, 6.928165227415734E-5, 0.0, 0.0, 3.7888509826795907E-5, 7.065283064166E-5, 0.010012452102289054, 1.9744097397191386E-5, 4.035105879120533E-5, 3.992056820091227E-5, 4.130103397206395E-5, 0.0, 2.1115042700253442E-5, 0.01770518638377441, 8.693589324726315E-5, 2.3151627155692338E-5, 8.603519117547989E-5, 6.695490985790923E-5, 0.0, 2.8019906118925617E-5, 5.0380416448335955E-5, 0.007192090352991734, 0.0, 0.019348313850899662, 1.0228313987001387E-4, 5.496425873550981E-5, 0.017807441364244763, 1.1681608362663951E-4, 0.0, 0.0, 0.007205799955553952, 7.207807311955206E-5, 0.010020267244262087, 0.0, 0.0, 8.321875767227243E-5, 0.0, 4.6931961464046686E-5, 0.0, 0.0, 2.1295618990128693E-4, 4.380613657749578E-5, 3.5038561402681164E-5, 2.4564530265363175E-5, 5.620337208812382E-5, 1.0406133644184914E-4, 0.0, 0.0, 2.9404284225118367E-5, 4.709670184314248E-5, 0.0, 0.0, 0.0, 2.1880220742728652E-5, 0.09978922586701047, 6.398714236349587E-5, 8.518468339309538E-5, 2.414806792446144E-5, 5.423031277862287E-5, 0.0, 5.435447404427269E-5, 0.0, 0.004265405901515146, 4.568964823114408E-5, 3.615261822907067E-5, 8.935747789566234E-5, 6.344771827077164E-5, 0.0, 0.0, 5.438572466749466E-5, 0.02227607923199208, 1.0363831755656573E-4, 0.0096693500511297, 2.0132866709426657E-5, 3.069474848401335E-5, 6.862936039582926E-5, 0.0, 0.0, 0.011007723377234546, 0.0, 0.0
6.064032325065363E-5, 0.0, 0.0, 0.0014021569207463096, 4.9194361892545875E-5, 0.0, 0.01919380167553577, 0.0028597403104858167, 0.0047059874365810725, 0.14439337054381762, 0.0, 2.9906893569485676E-5, 0.003435505950607229, 9.228155081473386E-4, 5.823093793079092E-5, 2.7014218259386807E-5, 4.178503275932795E-5, 1.6960405677916683E-4, 7.45576207963721E-5, 3.8149402192170156E-5, 0.0, 3.416694347313416E-5, 3.5859582664760675E-5, 7.236542864344257E-5, 2.8855307850269935E-5, 6.64034263713134E-5, 0.0, 7.811546455088962E-5, 6.0007519397962746E-5, 0.022804912537397224, 0.0022464651311200905, 0.001715329965412533, 8.533615433082619E-5, 8.169434424505211E-5, 0.002411323679205982, 0.0026942707875964676, 0.11250795722539599, 7.811927316976295E-4, 3.183408559400906E-5, 4.8279528554167105E-5, 0.0010550111731762075, 5.862410373214293E-5, 0.0011417221830961842, 7.235313687825647E-5, 0.0, 4.4201845987605665E-5, 2.9161457012603418E-5, 7.748427447980449E-5, 0.0, 1.0548347237153426E-4, 4.454403265298416E-5, 3.257920000346627E-5, 0.0, 4.498198214542489E-5, 0.0, 0.0, 6.38843925521819E-5, 0.0, 0.0, 3.747110849527192E-5, 0.0020809220195241716, 3.266027184385992E-5, 7.182796748829932E-5, 0.0033158599186723287, 0.0, 0.0, 4.639824134105909E-5, 8.65214045769173E-5, 0.0, 2.417860718946446E-5, 4.9413876996490344E-5, 4.888669853540064E-5, 6.96172259937737E-4, 0.0, 2.5857465801947503E-5, 0.0, 1.064616310994192E-4, 2.8351465632156564E-5, 1.0535863200301672E-4, 8.199293349771844E-5, 0.0, 9.102966748022641E-4, 6.169582102645164E-5, 9.266995919216011E-5, 0.006595155135239427, 9.219428384824786E-5, 1.2525585805578087E-4, 6.730919092888124E-5, 3.779372553230101E-5, 1.4305289031961159E-4, 0.019799191302328167, 0.0, 1.0221101165803427E-4, 8.826675546986787E-5, 6.48969005865627E-5, 0.0, 0.0, 1.0190962960096277E-4, 0.0, 5.747284558227956E-5, 0.0, 0.0, 2.607859939406834E-4, 5.3644962719134965E-5, 4.2908196591446684E-5, 7.980401548717636E-4, 0.0018259070000929474, 1.2743343627326744E-4, 0.0, 0.0, 9.552716572803511E-4, 7.938643226203905E-4, 0.0, 0.0, 0.0, 2.6794502271471974E-5, 0.0, 7.835860760104365E-5, 1.0431710079659233E-4, 7.845103349468082E-4, 6.641040124845811E-5, 0.0, 6.656244904329531E-5, 0.0, 0.0, 5.595150970855667E-5, 4.427246976383516E-5, 1.0942710188351338E-4, 7.769802925278411E-5, 0.0, 0.0, 6.660071853356928E-5, 5.317596547182243E-5, 1.2691540765665172E-4, 5.308929179311371E-5, 2.4654693804048933E-5, 3.7588766477617805E-5, 8.404346439817455E-5, 0.0, 0.0, 0.0, 0.0, 0.0
0.017397125803361488, 0.001440520215544818, 0.06872774074472508, 0.0012072596659754983, 0.1689988042186265, 0.01919380167553577, 0.0, 0.0021764791362739577, 0.011694599097066487, 0.005574433109609253, 0.0, 6.831210405428477E-4, 0.008426755386210369, 7.945458355188865E-4, 0.0, 0.0048734178119046335, 0.0, 0.0, 0.02040250715180115, 0.01651679812517375, 0.0, 0.0, 0.0, 0.0014743830462997818, 0.0, 0.02891323611553306, 0.0, 0.0, 0.0, 0.017466469339604197, 0.0016090940004977042, 0.008710709062494234, 0.0, 0.010785646604688438, 0.0, 0.0, 0.011973121321275473, 5.999500554897171E-4, 0.008405751961738287, 0.0, 4.0512026431291105E-4, 0.0, 0.0, 0.0, 0.0, 9.005743980373048E-4, 0.0, 0.0, 0.0, 0.0, 0.0, 0.0, 0.0, 0.01393235831727142, 0.0, 0.0, 0.0, 0.0, 0.0, 0.0, 0.04652452929739623, 0.0, 0.0, 0.0023143075123486503, 0.0, 0.0, 0.0, 0.00176279881763418, 0.010271527602404051, 4.926182182784421E-4, 0.0, 0.0, 0.0, 0.0, 0.0, 0.0, 0.0, 0.0, 0.02173423429046735, 0.1014850094153327, 0.0, 0.0, 0.0, 0.012484383223309274, 0.003538074007266853, 0.0, 0.0, 0.0, 0.0, 0.0, 0.012721461882135767, 0.0, 0.0, 0.0, 0.008742830837419814, 0.0, 0.0010636167399774047, 0.0, 7.174998127353445E-4, 0.0, 0.0, 0.0, 0.01127005626379098, 0.0, 0.0, 6.128887478994831E-4, 0.0, 0.0, 0.0, 0.0, 0.0, 0.0, 0.0, 0.0, 0.0, 0.0, 0.0, 0.0, 0.0, 0.0, 0.0, 0.0, 0.0013561523538148847, 0.0, 0.0, 0.0, 0.0, 0.0, 0.0, 0.0, 0.0, 0.0, 0.0, 0.0, 0.004116886344048857, 5.023180714579506E-4, 7.658386202476145E-4, 8.561564643768348E-4, 0.0, 0.0, 0.0, 0.0, 0.0
9.026647216274689E-4, 9.387673190044972E-4, 4.905016124673077E-4, 0.0014165941726202262, 0.11904212286099966, 0.0028597403104858167, 0.0021764791362739577, 0.0, 0.0021967017797706384, 0.015441136511001468, 0.08842394514840762, 4.451806374292562E-4, 0.0015828732905622653, 9.323172406047787E-4, 0.0, 0.020980134252739348, 0.0, 0.0, 0.002505791176970221, 0.0, 0.0, 0.0, 0.002410394132522102, 0.0, 0.0, 9.884516962881734E-4, 0.004693394754756407, 0.0, 0.0, 0.0025801600247843926, 0.0010486245486684416, 7.705148116200751E-4, 0.0, 0.002745647793358509, 0.0011039571011474739, 0.0011662859786652376, 0.0, 3.5090657928208606E-4, 0.0, 0.0, 4.7390400199849537E-4, 0.0, 0.011645164263623883, 0.0, 0.0, 0.0, 0.0, 0.0, 0.0, 0.0, 0.0, 0.0, 0.0, 0.0013391633228509905, 0.005424805284692418, 0.0, 0.0, 0.0, 0.0, 0.0, 9.587629687748062E-4, 0.0, 0.0, 0.0015082025474372211, 0.0, 0.0, 0.0, 0.0, 9.704049925225437E-4, 0.0, 0.0, 0.0, 3.0135647435252554E-4, 0.0, 0.0, 0.010120799852505337, 0.0, 0.0, 0.0, 0.0, 0.0, 4.088992118405411E-4, 0.0, 0.0, 0.020515509313031983, 0.0, 0.00841939484193633, 0.0, 0.01016161009132225, 0.0, 0.0023712256763744046, 0.0, 0.0022901253953315098, 0.0, 0.0, 0.0, 6.931444797942346E-4, 0.0, 4.6758481298580015E-4, 0.0, 0.0, 0.0, 0.0038819436310025346, 0.0, 0.0, 3.5847432971789194E-4, 8.201852801388219E-4, 0.0, 0.0, 0.0, 4.2910167483627446E-4, 3.436450533098419E-4, 0.0, 0.0, 0.0, 0.0, 0.0, 0.0, 0.0, 3.523968245958828E-4, 0.0, 0.0, 0.0, 0.0, 0.0, 0.0, 0.0, 0.0, 0.0, 0.0, 0.0, 0.0, 0.0, 0.0, 0.0, 0.0, 0.0, 0.0, 0.0, 0.0, 0.0, 0.0, 0.0
0.0, 0.0026493375166300936, 0.0, 0.0029560681141700966, 0.0, 0.0047059874365810725, 0.011694599097066487, 0.0021967017797706384, 0.0, 0.006043259913485636, 0.0, 0.0, 0.1191410929089954, 0.0, 0.004548783030668284, 0.006345870076123053, 0.0, 0.0, 0.0, 0.0, 0.0, 0.0, 0.0, 0.0, 0.0, 0.0, 0.0029332463713977147, 0.0, 0.0, 0.003995992191535465, 0.0023040082140677537, 0.015188824384439865, 0.0, 0.0017159565405921165, 0.001945856852500473, 0.0, 0.0, 0.0, 0.0, 0.0, 0.01174658437081001, 0.0, 0.027740269123194303, 0.0, 0.0, 0.0, 0.0, 0.0, 0.0, 0.0, 0.0, 0.0, 0.0, 0.0, 0.0, 0.0, 0.0, 0.0, 0.0, 0.0020957363365530974, 0.002106566891082376, 0.0, 0.0, 0.0056863680487883785, 0.0, 0.0, 0.0, 0.0048390896011079225, 0.0, 0.009141512935643342, 0.0038600272148855666, 0.0, 0.02591491308063528, 0.0, 0.0, 0.0, 0.004158192175591214, 0.0022147104330589164, 0.0, 0.0, 0.0, 0.020270641610061275, 0.0, 0.04187658104241891, 0.005066050567711425, 0.0, 0.0, 0.002827604468429837, 0.0, 0.00800086125900395, 0.0031190819205234293, 0.003622599981217052, 0.0, 0.0012360049137227608, 0.0, 0.0, 0.0, 0.00398039951152349, 0.0, 0.0, 0.0, 0.0, 0.0, 0.0, 0.0, 0.02180321612545788, 0.16263843398187136, 0.0, 0.0, 0.0, 0.0, 0.0, 0.0, 0.0, 0.0, 0.0, 0.0, 0.01481301671744077, 0.0, 0.01349058142857335, 0.0, 0.0, 0.0, 0.0, 0.0, 0.0, 0.0018598505138015308, 0.0, 0.0, 0.0030750559622721714, 0.0, 0.0, 0.002974099447435694, 0.0, 0.0011151190248193262, 0.0, 0.0, 0.005632830473201537, 0.0024098548916711387, 0.0017721848315278776, 0.0, 0.0, 0.003233047735202918
0.0010371629768876184, 0.001045848657353514, 5.464511199353009E-4, 0.004861911527864585, 2.5582710193606597E-5, 0.14439337054381762, 0.005574433109609253, 0.015441136511001468, 0.006043259913485636, 0.0, 0.0, 5.115131500169665E-4, 0.004377733095484315, 0.0010202318992870753, 3.8625039995334386E-4, 0.018763404414007694, 0.0031507937016815317, 8.819977056962041E-5, 2.666595126794024E-4, 8.173562573561876E-4, 2.6915685560506054E-4, 1.7767951030318663E-5, 2.3785943758772765E-4, 0.001108066239068081, 7.205809535523694E-4, 0.001541659487586418, 0.0, 5.181460319458152E-4, 3.9803460482155993E-4, 0.0011876300145089967, 0.0, 0.007938827207585635, 5.660414362539909E-4, 4.248378580136803E-5, 0.0011567078040247908, 1.0179130141914233E-4, 6.226893683265825E-4, 4.508898846087307E-4, 1.655478706703993E-5, 2.510696632234114E-5, 3.148067608118482E-4, 3.0486490696133892E-5, 0.001310776001899809, 3.7626046179801237E-5, 0.0, 6.768228166612398E-4, 1.5164930997708323E-5, 4.029440899972453E-5, 0.0, 5.485492646069193E-5, 2.316438377033839E-5, 1.6942271430387523E-5, 0.0, 0.0015153083235251391, 0.0, 0.0, 3.3222016460482033E-5, 0.0, 0.0, 1.948622712825521E-5, 4.12922360363553E-4, 2.1663815680367636E-4, 4.7644056846835264E-4, 3.034431036326791E-4, 0.0, 0.0, 2.4128634177917635E-5, 0.001324823871918294, 0.001081095110548887, 5.180300278603625E-4, 3.2776613998256607E-4, 0.0015196557586249254, 1.8089224954002055E-4, 0.0, 1.3446745287543819E-5, 0.0, 5.536360164817553E-5, 1.4743708443982486E-5, 5.479000530214081E-5, 4.263906217906704E-5, 0.0, 0.0016959070600068805, 3.2083886216958736E-5, 0.004863404666005952, 0.0, 4.794410486202916E-5, 6.513722697921827E-5, 0.0016808595920739073, 0.0028498298195942288, 0.010786880278937956, 2.4408605450807996E-4, 0.0, 5.3153137661473486E-5, 4.590165901222364E-5, 3.37485544338547E-5, 0.0, 0.0010568620637589118, 0.0012989527985234884, 5.209202951149499E-4, 2.9887798031508738E-5, 0.0, 0.0, 0.009912117277496349, 2.7897171175593784E-5, 2.2313694417400462E-5, 4.606139032570251E-4, 3.579213357503556E-5, 0.009609097848650428, 0.0, 0.0, 1.872560363484198E-5, 2.9992710057864625E-5, 0.0, 0.0, 0.0, 1.3934035528101183E-5, 0.0, 4.0749091406261086E-5, 0.0013296387254488687, 1.537827430311767E-5, 3.45356252956676E-5, 0.0010491350904808189, 0.0010192104704854592, 0.0, 0.0, 2.9096652598021836E-5, 0.0033383584905443877, 5.690574543739266E-5, 2.7789135966776356E-4, 0.0, 2.0482720789376195E-4, 3.463459663633603E-5, 0.004009725158156068, 6.60002481641201E-5, 0.0010693327170077525, 3.775149867961591E-4, 5.755627221844217E-4, 6.652934129466755E-4, 2.633955375230702E-4, 0.0, 0.0, 0.0, 0.0018818519008061685
0.0, 0.0, 0.0, 0.0, 0.02792970895188676, 0.0, 0.0, 0.08842394514840762, 0.0, 0.0, 0.0, 0.0, 0.0, 0.0, 0.0, 0.0, 0.0, 0.0, 0.006512230479195315, 0.0, 0.0, 0.0, 0.01409468799001949, 0.0, 0.0, 0.0, 0.0, 0.0, 0.0, 0.0, 0.0, 0.0, 0.03354156351471228, 0.0, 0.0, 0.0, 0.0, 0.0, 0.0, 0.0, 0.0, 0.0, 0.0, 0.0, 0.0, 0.0, 0.0, 0.0, 0.0, 0.0, 0.0, 0.0, 0.0, 0.0, 0.0, 0.0, 0.0, 0.0, 0.0, 0.0, 0.0, 0.0, 0.0, 0.0, 0.0, 0.0, 0.0, 0.0, 0.0, 0.0, 0.0, 0.0, 0.0, 0.0, 0.0, 0.0, 0.0, 0.0, 0.0, 0.0, 0.0, 0.0, 0.0, 0.0, 0.0, 0.016105407304342484, 0.0, 0.0, 0.0, 0.0, 0.0, 0.0, 0.00595174272210885, 0.0, 0.0, 0.0, 0.0, 0.008901289887232934, 0.0054873562024183, 0.0, 0.0, 0.0, 0.04555667093846967, 0.0, 0.0, 0.0, 0.0, 0.0, 0.0, 0.0, 0.0, 0.0, 0.0, 0.0, 0.0, 0.004680728073223026, 0.027796117948842715, 0.0, 0.0, 0.0, 0.0, 0.0, 0.0, 0.0, 0.0035643645245693923, 0.0, 0.0, 0.0, 0.0, 0.0, 0.0, 0.0, 0.009289302405505141, 0.0, 0.0, 0.0, 0.0, 0.0, 0.0, 0.0, 0.0, 0.0, 0.0
0.012531518039802826, 0.0017249968931630636, 5.216534446554098E-4, 0.0042351996069580015, 2.4421779751674798E-5, 2.9906893569485676E-5, 6.831210405428477E-4, 4.451806374292562E-4, 0.0, 5.115131500169665E-4, 0.0, 0.0, 2.2101955247661148E-5, 5.67948367893546E-4, 2.890784809823307E-5, 8.687315285676183E-4, 2.0743532951881795E-5, 0.09770026791213027, 1.936298723319515E-4, 1.792131328319997E-4, 6.44617729627744E-4, 1.605048736614527E-4, 4.3095653834953425E-4, 5.656559138418725E-4, 1.3555258592597358E-4, 0.013722481854808767, 2.933464372405306E-4, 3.6696032756353884E-4, 0.014840189621922673, 0.11806946846191797, 0.0, 3.2098694362439084E-5, 4.2363813366957236E-5, 2.1216430027474337E-4, 2.2994743932612135E-5, 9.7172063674313E-5, 0.0, 1.3833051803741503E-4, 1.5803539207826464E-5, 2.3967624896527444E-5, 1.974225477288683E-5, 2.910302917665589E-5, 4.1177561359068004E-5, 0.001134352696387582, 2.552837307502187E-4, 5.312129456040038E-4, 2.5950479050093384E-4, 2.012305384077985E-4, 2.2224444515253156E-4, 4.95526075362204E-4, 2.092529681199199E-4, 1.5304618584507763E-4, 0.0, 0.0016355240980176033, 0.005488328298924832, 0.0, 3.171441816618671E-5, 1.8140365195524094E-4, 1.8085640094567335E-4, 1.8601952002579027E-5, 1.338738631533055E-5, 1.6213686587556522E-5, 3.5657883028166735E-5, 4.211862744367249E-5, 0.0, 0.0, 2.3033688969712876E-5, 4.29522125116373E-5, 0.0010320355615424848, 1.2003095411078693E-5, 2.4530754628356962E-5, 2.4269045038654763E-5, 2.5108276229097485E-5, 0.0, 1.2836538791395733E-5, 1.5814249247563124E-4, 5.285122942326501E-5, 1.4074646416149963E-5, 2.7362163982579585E-4, 4.070412311575104E-5, 0.0, 1.7034235588949963E-5, 4.8225522431289384E-4, 3.851870411781888E-4, 0.0, 7.206513228593063E-4, 0.0015053111883749303, 3.3414606326617314E-5, 2.954206829727641E-4, 7.101639386759505E-5, 0.0, 0.0, 5.074107517362896E-5, 4.3818664955722896E-5, 3.221706211279304E-5, 0.0, 7.371661913805519E-4, 5.0591458714836715E-5, 4.9728119574501E-4, 2.8531504882170747E-5, 0.0, 0.0, 0.00425794963425108, 2.6631211665579754E-5, 2.0156835739100362E-4, 1.4933597346689907E-5, 3.416790466674216E-5, 5.986396648376971E-4, 0.0, 0.0, 1.7875845218367807E-5, 2.863165605386348E-5, 0.0, 0.0, 0.0, 1.3301716047439804E-5, 9.986040999354737E-4, 0.00253867436329755, 5.17866105378564E-5, 1.4680415997732633E-5, 3.296841609721019E-5, 4.943347764348171E-4, 0.0021565005826145217, 0.0, 0.0, 2.7776261228080142E-5, 2.1978382563366347E-5, 5.4323391507760884E-5, 0.009626861000522999, 4.6197607195693196E-4, 2.452756579832483E-4, 3.3062896168525554E-5, 4.1565841462217634E-4, 0.0015252554737810596, 2.6355357432540977E-5, 0.001404815867245677, 1.8660361487331653E-5, 4.17220774523542E-5, 0.0, 0.0, 0.0, 0.0, 0.0
4.4814741710825626E-5, 0.0019090281764128194, 0.0, 3.90601336016427E-5, 3.6355885055734145E-5, 0.003435505950607229, 0.008426755386210369, 0.0015828732905622653, 0.1191410929089954, 0.004377733095484315, 0.0, 2.2101955247661148E-5, 0.0, 5.629316031755285E-4, 4.3034144659170915E-5, 0.004592595919747594, 3.0880202315997474E-5, 1.2534171307513006E-4, 5.5099978685009426E-5, 2.8193378828106467E-5, 0.0, 2.525024051187561E-5, 2.650114393910207E-5, 5.347989290960954E-5, 0.002893258857312616, 4.907382154352485E-5, 0.002113603848588362, 5.772931573928475E-5, 4.4347083563708945E-5, 0.002917189035798568, 0.0016601948871114852, 0.011990960330772602, 6.306558919752968E-5, 0.00129683779211768, 0.0014363539354049762, 0.009885537004966229, 0.0, 2.176182424182635E-5, 2.352619918595921E-5, 3.567979994321861E-5, 2.9389633047315922E-5, 4.332470418940776E-5, 0.003548568951313178, 5.3470808982406375E-5, 0.0, 3.266628878095386E-5, 2.15510586665133E-5, 5.7262850217833015E-5, 0.0, 7.795496982348894E-5, 3.291917343268039E-5, 2.4076857691963782E-5, 0.0, 3.3242829250031386E-5, 0.0, 0.0, 4.721219146120176E-5, 0.0, 0.0, 2.7692102528754816E-5, 0.0015378543158465136, 2.4136771844667838E-5, 5.3082695441716954E-5, 0.0024505048429631837, 0.0, 0.0, 3.428948082847995E-5, 6.39415192848696E-5, 0.0, 1.7868605872111374E-5, 7.996721326652928E-4, 7.911407250952137E-4, 4.279382344491427E-4, 0.0, 4.184552210835808E-4, 0.0, 7.867785400999237E-5, 2.0952454428328777E-5, 7.786270961492983E-5, 6.059486394267444E-5, 0.0, 0.003440505449522384, 4.5594781421419166E-5, 0.00791149596600286, 0.0036504345770164053, 6.813392139741334E-5, 9.256726589888605E-5, 0.0026069905945195534, 2.793052472723501E-5, 1.0571972553908441E-4, 0.0022475110224509784, 0.0, 6.017230347752755E-4, 0.003429817535726023, 4.7960460659130594E-5, 0.0, 0.0, 8.622662632468628E-4, 0.0, 4.247389512601686E-5, 0.0, 0.0, 1.927274845146326E-4, 3.964499230005325E-5, 3.171024896379135E-5, 4.868167253520865E-4, 0.001113831254174841, 9.417655160418164E-5, 0.0, 0.0, 2.6611171693516995E-5, 4.262298681889433E-5, 0.0, 0.0, 0.0, 4.336194218610873E-4, 0.0, 5.790900463946419E-5, 8.826360869804812E-4, 0.0029650905658613214, 0.0010747294166228696, 0.0, 5.631906860407207E-4, 0.0, 0.0, 9.054716167618712E-4, 0.0013728674857716163, 8.086941236780089E-5, 5.742082043347554E-5, 0.004623062433302644, 0.0, 4.921962547099603E-5, 3.929839140192606E-5, 9.379371527666918E-5, 0.003074751424268984, 1.822044599302225E-5, 2.7779054771196746E-5, 6.211025844831004E-5, 0.0, 0.0012769799076040062, 0.0, 0.0, 0.0023296311562600227
0.0011515931114251822, 0.0011612370825420275, 6.067410421228862E-4, 0.0017828178002931064, 0.007300149047134998, 9.228155081473386E-4, 7.945458355188865E-4, 9.323172406047787E-4, 0.0, 0.0010202318992870753, 0.0, 5.67948367893546E-4, 5.629316031755285E-4, 0.0, 0.0034117373618247687, 0.0013771493726522028, 2.412703861056478E-5, 9.793084643462163E-5, 5.491098704281401E-4, 5.399057297837622E-4, 5.977058335379353E-4, 1.9728288096107038E-5, 5.074992800891753E-4, 4.1784423169098665E-5, 3.6484855135946896E-4, 0.0021624637777742203, 0.0, 0.0011055215671086384, 8.492506223261304E-4, 0.0016658716846700663, 0.0, 0.004643910187786412, 0.0012077116817935532, 4.7171019566213795E-5, 0.0034506487586916813, 0.002736659051610079, 0.020223176579516954, 4.510674266673573E-4, 6.801072053061194E-4, 2.78770165440691E-5, 6.091725584232616E-4, 3.3850063547919933E-5, 0.0030652046907348233, 4.1777325797775656E-5, 0.0, 2.5522527430904717E-5, 1.683807700560778E-5, 4.4740088941739765E-5, 0.0, 6.090706749814172E-5, 2.5720108965306275E-5, 1.8811511311055992E-5, 0.011116269324074573, 0.0016824922080166697, 0.0, 0.0, 3.688739972029544E-5, 0.006382527555960104, 0.0, 2.163614150198953E-5, 1.557102096705399E-5, 4.622213427085989E-4, 0.0010165383722215684, 6.248552757177661E-4, 0.0, 0.0, 2.6790745067637475E-5, 4.995820586981764E-5, 0.004097291538434083, 3.421854029068374E-4, 0.0012955856746239684, 0.0034541597773814527, 0.0010504176786471989, 0.001100938319690878, 3.269436246745606E-4, 0.0, 0.03153506663791164, 1.637038099055791E-5, 6.083498359171694E-5, 4.7343427578175256E-5, 0.0, 0.03310599382095953, 3.562369962922662E-5, 6.825055405612426E-4, 9.559751870803013E-4, 5.3233775330318086E-5, 7.232381367073629E-5, 0.046013290712231925, 2.1822423364053865E-5, 8.259997372680459E-5, 0.0017191877208501242, 0.0, 4.7013276481573923E-4, 0.006313666412769136, 3.74720305994841E-5, 0.0, 0.0014895248310900448, 0.004143110778812444, 0.019151248225908503, 3.3185317154337645E-5, 0.0, 0.0, 0.008492638052954448, 3.09750645462386E-5, 2.4775563102566507E-5, 8.237810506534162E-4, 0.0018848018834010875, 7.358116613072915E-5, 0.0, 0.0, 5.515821009769606E-4, 0.0010578165867882964, 0.0, 0.0, 0.0, 0.0014527307172472882, 0.0012037731764127342, 0.05216741170763144, 0.00424098592465832, 0.04452170849808455, 8.396978059090209E-4, 0.001906611157733217, 0.005359544800741683, 0.0, 0.0, 0.0420602672434449, 0.0010726363285269447, 6.318415322042209E-5, 5.722386835819493E-4, 0.0, 0.011598714909674115, 3.845582978972463E-5, 0.00789099520220484, 7.328205193578637E-5, 0.009604578755627164, 1.4235833025861388E-5, 0.012523253142540847, 0.056825610951947464, 5.849119055559334E-4, 0.0, 0.007783497216509641, 0.0, 0.01638149590221693
0.006201542759102652, 0.0, 0.0, 5.108798729345286E-5, 4.755101487137429E-5, 5.823093793079092E-5, 0.0, 0.0, 0.004548783030668284, 3.8625039995334386E-4, 0.0, 2.890784809823307E-5, 4.3034144659170915E-5, 0.0034117373618247687, 0.0, 3.330587137419828E-4, 0.09732996379084924, 0.0012001910096818243, 4.956445332434146E-4, 4.7034456826211275E-4, 5.002863866552774E-4, 3.3025590224122496E-5, 8.80305532631488E-4, 6.994804772778474E-5, 2.7891390800094415E-5, 0.0075454253764570605, 0.0, 9.630867677481817E-4, 7.398336325571027E-4, 6.30683675862707E-4, 0.0, 0.020856863672175673, 0.005550254072386554, 7.896532912834188E-5, 0.005932018519549172, 0.00890759290027016, 0.0, 2.846297997050432E-5, 0.019251417696683502, 4.6666741714765483E-5, 3.843963297702016E-5, 0.020945929452812307, 0.008875975560317299, 6.993616657135391E-5, 0.0, 4.272527491036148E-5, 2.8187312991397072E-5, 7.489589754481833E-5, 0.0, 1.0195977690246341E-4, 4.305603076506166E-5, 3.149088562722142E-5, 0.0, 4.347935047136149E-5, 0.0, 0.0, 6.175032226117378E-5, 0.0, 0.0, 4.94103873806106E-4, 0.0014475242510615849, 4.0266899550201515E-4, 8.855681194491447E-4, 5.640148140778091E-4, 0.0, 0.0, 4.4848299259038037E-5, 8.363114059118599E-5, 0.02807874555503962, 0.008913552974562821, 0.004247122169637008, 0.006816224777728074, 0.00934720361720018, 0.0018429950754480123, 2.499369223591381E-5, 0.0, 0.004021809708970167, 0.0021146668731001766, 1.018391068502145E-4, 7.925394395019853E-5, 0.0, 0.019917398172135135, 8.135372928896521E-4, 0.004027278123637663, 0.0, 8.911451625085533E-5, 1.2107166228005627E-4, 0.0018087521232738176, 0.0020286715369041974, 1.3827418129417062E-4, 9.416025075971176E-4, 0.023079542422476954, 9.879663336187803E-5, 8.531818770540081E-5, 8.557475683399233E-4, 0.0, 5.290901412785378E-4, 0.29182027874413574, 0.0, 7.578520300366258E-4, 0.0, 0.0, 0.003215234543151281, 7.073765616796007E-4, 0.00386379610543712, 0.002978898172365198, 9.075657250021069E-4, 0.0016803707454501895, 5.173739894805963E-4, 0.0, 4.748170712799025E-4, 0.0036280769758704956, 0.0, 0.0, 0.0, 0.004277549334226561, 0.012790356422244305, 7.574102340174867E-5, 0.008795231593408042, 0.0022056816545041867, 6.419194915622761E-5, 0.005453299960077351, 6.433891776554215E-5, 0.0042907341195427525, 0.0, 5.408243887864229E-5, 0.001795616916828601, 1.0577166872008499E-4, 5.165213566579265E-4, 0.0, 7.901549843376978E-4, 0.003437737114066189, 7.011922408519752E-4, 1.226757743106821E-4, 0.0014505073285665383, 3.25103265029405E-4, 4.956553428497468E-4, 0.005150655980567954, 4.895777275756814E-4, 0.0, 0.0, 0.024031384402918854, 0.0
0.008722679211005266, 0.002961983410840259, 9.423954364862876E-4, 0.0015352836067931705, 2.2059639425993457E-5, 2.7014218259386807E-5, 0.0048734178119046335, 0.020980134252739348, 0.006345870076123053, 0.018763404414007694, 0.0, 8.687315285676183E-4, 0.004592595919747594, 0.0013771493726522028, 3.330587137419828E-4, 0.0, 0.010811342800146053, 7.605351901720782E-5, 2.2993704164654252E-4, 2.1820000287907422E-4, 2.320904680836227E-4, 1.5321073885498354E-5, 2.0510311016876443E-4, 7.800971298519776E-4, 9.194677212648065E-4, 0.0022789037650743334, 0.0012824701892905081, 4.467906077281242E-4, 3.43220080866403E-4, 0.0017555721826854613, 0.0, 0.00803314295536498, 4.8809019409738145E-4, 7.868815198491609E-4, 0.0018481791668443518, 8.777331991080702E-5, 0.0, 1.3204409555443256E-5, 1.4274978323612732E-5, 2.164941165185149E-5, 1.7832730708994114E-5, 2.628810579610476E-5, 0.09277814566425616, 3.244445195488413E-5, 0.0, 1.9820905220393235E-5, 1.3076523448759557E-5, 3.47453466302241E-5, 0.0, 4.730069211997186E-5, 1.9974347894802158E-5, 1.4609101067996344E-5, 0.0, 0.0025930907230014327, 0.0, 5.611167294561925E-4, 2.864691420793268E-5, 0.0, 0.0, 1.6802721094411192E-5, 1.2092522247581835E-5, 1.8680427479474975E-4, 4.108285271102277E-4, 2.616550553785397E-4, 0.0, 0.0, 2.080580852374214E-5, 3.87977588115946E-5, 0.001864428603805472, 3.8809492377374317E-4, 7.931505183919078E-4, 0.0018154549171148248, 4.1725160230171517E-4, 0.0, 8.130381871051797E-4, 0.0, 4.773931614127052E-5, 1.2713308700088781E-5, 4.724471144638735E-5, 3.676711067804695E-5, 0.0, 0.011034078715364217, 2.7665519250090543E-5, 0.010842431870685254, 0.016750726391406547, 0.010624786117990462, 5.6166986589628255E-5, 0.01848688886800176, 0.027132768819430407, 6.414749694669756E-5, 2.1047224123686717E-4, 0.0, 4.583326169505405E-5, 0.021689534552643108, 2.9100941077986388E-5, 0.0, 0.0015771839512874297, 0.0011200701626200005, 8.983656378040591E-4, 2.577186087097096E-5, 0.0, 0.0, 0.00894993249515237, 2.4055369133353684E-5, 1.9240809491430334E-5, 0.013826409072328944, 3.086309288488124E-5, 5.7143451949715186E-5, 0.0, 0.0, 7.60193477400842E-4, 2.5862325151547438E-5, 0.0, 0.0, 0.0, 5.65672708281882E-4, 0.0022121952732897443, 3.5137413376305055E-5, 0.0016854089988101052, 1.3260486615901088E-5, 7.159021148275175E-4, 9.046555908274218E-4, 3.736944942539577E-4, 0.0, 0.005270113352424626, 6.031555806791351E-4, 8.330140132571312E-4, 4.906908674320099E-5, 2.3962211773019754E-4, 0.0, 1.7661984662979888E-4, 2.986496378531612E-5, 0.006128181012672365, 5.691115857187141E-5, 0.001071045628362488, 1.1055609516057252E-5, 1.6855481056453377E-5, 9.059860017256148E-4, 2.271225581731659E-4, 0.011670912463251075, 0.0, 0.0, 0.003036245457929538
0.022804137350951645, 0.0, 0.0, 0.005315617922114228, 3.412139293550751E-5, 4.178503275932795E-5, 0.0, 0.0, 0.0, 0.0031507937016815317, 0.0, 2.0743532951881795E-5, 3.0880202315997474E-5, 2.412703861056478E-5, 0.09732996379084924, 0.010811342800146053, 0.0, 0.002534300263811459, 0.009583535429587073, 2.6460567682472364E-5, 8.686737530060431E-4, 0.001828687675846789, 0.00104678775477031, 5.019293127701853E-5, 0.009491704915984951, 0.008380987177444964, 0.0, 5.4181177633782577E-5, 4.162143932134685E-5, 0.006708786298733143, 0.0, 0.004177979350724573, 0.0019466988231954547, 5.666350194119332E-5, 0.0010566527749886559, 0.00855659977088248, 0.004447759410606848, 2.0424306953619155E-5, 0.008178662841917577, 3.348686111908702E-5, 2.7583298162058547E-5, 0.0011972669688268744, 0.0016940000909458222, 0.01944960097777544, 0.0, 0.0010083379341604038, 0.0050447984324266705, 0.0067290838997383215, 0.0, 0.0014605648313953505, 0.0010161439383567384, 2.259705466392484E-5, 0.0, 0.007889154311151753, 0.0, 0.0, 0.009791320946063482, 0.0, 0.0, 0.005973857085914212, 1.870446271687073E-5, 2.2653286394872358E-5, 4.982014621473289E-5, 5.884690843677117E-5, 0.0, 0.0, 3.21819932896553E-5, 6.001156899543699E-5, 0.008334353989772322, 1.6770372148480134E-5, 3.427364943053693E-5, 3.390799648320795E-5, 0.006501126717683378, 0.0, 0.04133979408798231, 0.0, 7.38421845014064E-5, 1.9664682331796523E-5, 7.307714021324049E-5, 5.6870604560774024E-5, 0.0, 0.013732446139743382, 0.020474518444403185, 0.0018925778660983555, 0.0, 0.0021031473152276774, 8.687793043298019E-5, 3.4178694098207336E-4, 0.01890019956650789, 0.014387192668816693, 3.5011579408566004E-4, 0.0, 7.089393899929778E-5, 6.122215088607697E-5, 0.008910809410900195, 0.007754076507274083, 0.0, 5.174832749769935E-4, 0.00803173392901648, 5.438152471361625E-4, 0.0, 0.0, 1.808821382979511E-4, 5.075953411242164E-4, 0.0027725613321382568, 5.484089346380303E-4, 6.512459681746565E-4, 0.013933707279463454, 3.7125435150924565E-4, 0.0, 3.407165947026229E-4, 0.0018833557585564088, 0.0, 0.05168176259176223, 0.004398349219216634, 0.007305644795053172, 3.9104790425830896E-4, 5.4349822560450496E-5, 0.0023796945029022827, 6.745933917529783E-4, 0.001514962221722837, 9.490079327307681E-4, 4.616796297748334E-5, 0.010845473078330461, 0.0, 0.001276372704626445, 0.005431836240228203, 7.589904610038118E-5, 0.029626641675580007, 0.0, 9.548600891249282E-4, 0.014870710575460341, 0.008039607958777575, 8.802900022733929E-5, 5.605268361984402E-4, 2.3328579380884544E-4, 0.0010972648743165078, 0.0013562197923381845, 0.001906061149404274, 0.0, 0.0067282076436533025, 0.0035628733966091963, 0.0
