0.0, 3.474382497692174E-4, 0.037317233252802826, 3.553162420333092E-4, 0.0, 0.0011130738297596306, 0.0033160322837168304, 0.002188295049672019, 0.005468772664798746, 0.0032614770007639154, 0.0, 0.004410888728809983, 8.26925261307413E-4, 0.001395448494581022, 6.497468501107476E-5, 7.867850698625276E-4, 0.007100077558965219, 0.0, 0.0, 1.6546779491417046E-4, 3.42512401622985E-4, 1.0077615093210397E-4, 2.848972354011898E-4, 0.0015260980690994983, 0.0, 0.0, 1.226496647090302E-4, 0.006185912420589457, 1.4877934085168803E-4, 0.01600265570882202, 1.1981762762332767E-4, 0.0, 0.0015037678866183359, 0.0, 0.002546068973686931, 0.002869933641927428, 1.4438184026557038E-4, 6.17757914059016E-4, 0.0023256241179859753, 0.011314424820072735, 0.005173324071365663, 0.0, 5.879029602941961E-5, 0.010353221776719141, 0.013093392879234602, 0.01125574224633915, 1.5010137185121663E-4, 0.031210797017574225, 0.002951787549374388, 6.410575707232446E-5, 5.578634126964149E-5, 0.0018269951137515335, 0.0, 3.0886939844738595E-4, 0.0, 5.9457636183414505E-5, 0.0, 8.010882948222227E-4, 0.001286992287451906, 1.6546779491417046E-4, 1.0169230620065947E-4, 0.008374094651300868, 0.006208709929794348, 0.03352604593717485, 1.1938768582597154E-4, 0.006050411655196, 0.004003392841598238, 4.1865497411030245E-5, 0.0, 2.4688052833633334E-4, 0.0, 0.0, 0.0, 2.7458674909206627E-4, 0.0, 0.02042271686713423, 8.638701432830177E-5, 0.003861117689749789, 3.8266382642360115E-4, 0.0, 0.0, 0.0015866014663044293, 0.002601309950337725, 0.0, 0.0, 0.0, 0.0, 0.0, 0.0013044011732439508, 2.923983382098467E-4, 2.4649353847910915E-4, 2.0339681164706973E-4, 0.0, 0.0, 0.0, 3.2457114422442755E-4, 0.0, 0.0, 0.0, 0.0, 0.0, 0.0, 0.0015609340852616384, 0.0, 0.0, 0.0, 8.044171806459061E-4, 0.0, 8.150037931140548E-4, 0.02424857349146468, 3.084693178073966E-4, 3.2100083825243827E-4, 5.4349926010457934E-5, 2.111846840123279E-4, 4.631486734293975E-5, 6.994064752883651E-5, 7.328465079614664E-4, 0.0, 0.0, 0.0, 1.939702547906421E-4, 0.001791977075332395, 0.024467242272465026, 0.0, 0.0, 9.972033678320512E-5, 1.9080101838703936E-4, 6.09733495115372E-4, 6.729934262522165E-5, 0.0, 0.007268140243233277, 0.0, 0.005234408605767773, 3.212849134795238E-4, 4.395780475330965E-4, 6.18655176391505E-5, 0.0, 0.0, 2.1147834586376072E-4, 0.0, 0.0, 0.0, 0.008346785031169575, 4.092898445409663E-4, 4.5181456075735655E-4, 4.231401474630301E-4, 1.748069080873604E-4, 0.0, 0.0, 0.0, 3.087782426795705E-4, 0.0, 0.0, 0.0, 0.0, 0.0, 6.184247803649444E-5, 8.360152322599446E-5, 0.0, 0.0, 0.0, 2.4018383476522587E-4, 0.0, 0.0, 8.676783252168895E-4, 0.0, 0.0, 3.7390095165488134E-4, 9.261446838280889E-5, 0.16645923294753026, 0.0, 0.002889475020568971, 0.010644352896817632, 0.0, 1.02244677587112E-4, 0.005615986223499279, 9.927579410404679E-5, 0.0036853601218725957, 6.372212936225097E-5, 0.002495626610440407, 0.004160621950560435, 2.1770816545925716E-4, 0.0011130738297596306, 0.0, 0.0, 0.001516978101190596
3.474382497692174E-4, 0.0, 0.0, 0.0, 0.0, 9.375230686088064E-4, 0.0045966329458680425, 0.003389002549283663, 0.0, 0.006849817428493329, 0.0, 0.027347417202776104, 2.585157422075523E-4, 0.0032185849875403273, 5.07187369110088E-4, 0.0, 0.0066305138478670485, 0.0, 0.0, 0.0, 0.0039500034511883424, 0.0, 0.0, 4.7059109138306444E-4, 0.0, 0.0, 0.0, 0.0, 0.0, 4.574850393166106E-4, 0.0, 0.0, 0.004894237933999517, 0.0, 0.0, 0.0, 0.0, 0.014193069505892976, 0.012789970315997096, 0.0, 0.0, 0.0, 0.0024541063348129223, 0.0, 1.7167094327480152E-4, 5.043622447840408E-4, 0.013117320468539783, 0.0, 0.005561599788122139, 0.0, 0.0, 0.0, 3.243828668177799E-4, 3.571384528251308E-4, 0.0, 0.0, 0.0, 0.030965386478201518, 0.0, 0.0, 0.0, 0.0, 0.0, 9.584449433129721E-4, 0.0, 0.0, 6.640712392865414E-4, 0.0, 2.670145332460755E-4, 0.020295528187901552, 0.0, 0.0, 3.242490836335062E-4, 0.0, 0.0, 0.0, 0.0, 0.0, 3.2231120272742007E-4, 0.0, 0.0, 0.0, 3.942707238851449E-4, 3.031339530993824E-4, 0.0, 0.0, 0.0, 0.0, 0.0, 0.0036480933314104644, 3.5395134614710905E-4, 0.0, 0.0, 0.0, 0.0, 4.660665513894602E-4, 0.0, 0.0, 0.0, 0.0, 0.0, 0.0, 0.0, 0.0, 0.0, 0.0, 0.02962891565800722, 0.006893719134995223, 0.009381874258089343, 0.04266809786579873, 2.598184358219148E-4, 0.012471191963989476, 0.0, 1.7787725100065917E-4, 0.0, 0.0, 2.1211444219656873E-4, 0.0, 0.0, 0.0, 0.02831471690618474, 0.0, 0.0, 0.004177205112613307, 0.0, 0.0, 2.7397990925452013E-4, 5.135681049096107E-4, 0.0, 0.0, 0.0, 0.0, 3.2448243015684446E-4, 0.0, 2.976316269649992E-4, 0.0, 0.0, 0.0, 0.0, 0.0, 0.0, 0.0, 8.525825543772175E-4, 5.877180080803374E-4, 0.017553431168610918, 0.012915963492779828, 0.0, 0.0, 0.0, 3.4195071485566527E-4, 4.4338880171755683E-4, 0.0, 0.0, 2.86980647745122E-4, 0.0, 0.0, 2.413688017820464E-4, 0.0, 0.0, 0.0, 0.0, 0.0, 0.0, 2.691799799843991E-4, 2.948752621542003E-4, 0.0, 2.7569420033478375E-4, 3.149303830339241E-4, 0.0, 0.0010122794041839505, 7.082425653744554E-4, 0.0, 0.0, 0.0, 0.0, 0.0, 0.004144108324993065, 0.0, 0.0, 0.0, 0.0, 0.0, 9.375230686088064E-4, 2.5957076297543325E-4, 0.0, 0.0
0.037317233252802826, 0.0, 0.0, 0.04871709104912465, 0.0, 0.021936319634199657, 0.0, 7.626935552623052E-5, 0.0, 0.0, 0.0, 0.007478502678036847, 0.006048794041891973, 0.0, 0.0, 0.0, 0.0, 0.0, 0.0, 0.029787289524643903, 0.0, 1.0352423491573574E-4, 0.0, 0.0, 0.0, 7.030509537074159E-5, 0.0, 0.0, 7.64182164652997E-5, 0.0, 0.0, 0.0, 0.0, 0.0, 0.0, 0.0, 1.483190160665038E-4, 1.7463965599868927E-4, 0.0, 0.011489755283215611, 1.2276652904312716E-4, 5.877703454906382E-5, 0.0, 0.01249626605795963, 0.03766014504282249, 0.0, 0.013707577669198025, 0.18631483829549011, 0.0, 0.0, 0.0, 0.0, 0.0, 0.0, 0.0, 0.0, 8.921586898637711E-5, 1.602769944162698E-4, 7.994348104870782E-5, 0.029787289524643903, 1.0446537299616442E-4, 0.0, 0.0, 0.0, 0.0, 0.0, 0.0, 0.0, 7.027889296837189E-5, 6.134143624877992E-5, 0.0, 3.715500408217008E-5, 8.534316977709595E-5, 7.762544892084654E-5, 0.0, 0.0, 0.0, 0.0, 0.0, 0.0, 0.0, 0.0, 0.0, 7.978561461041402E-5, 0.0, 4.3217461985435045E-5, 8.576932199029096E-5, 1.0946082623692255E-4, 1.1667579902799767E-4, 0.0, 0.0, 0.02788755429644289, 0.0, 0.0, 0.0, 8.06449187621338E-5, 4.2197480679540865E-5, 6.754755821040726E-5, 0.0, 4.832099570481042E-5, 7.361415335092918E-5, 0.0, 0.0, 8.7170436121374E-5, 0.0, 0.0, 0.055881921222367174, 8.103588523771511E-5, 0.0, 0.0, 0.0, 0.0, 0.009784000460973333, 0.0, 4.7577836249491E-5, 7.184787231864144E-5, 0.0, 0.0, 3.6444371199665154E-5, 0.0, 4.819502817245343E-5, 7.372473171752757E-5, 0.029508148145014408, 5.139872411671505E-5, 4.222373566971811E-5, 0.0, 4.7407580437636264E-5, 1.351724096742311E-4, 0.0, 6.867229548967684E-5, 0.0, 0.09131557441325602, 0.0, 0.0, 0.0, 6.355254017961032E-5, 0.0, 0.0, 0.0, 0.0, 1.198778318080334E-4, 0.0, 0.019948867450391157, 0.0, 0.0, 0.0, 4.941776964698614E-5, 5.698338353738545E-5, 0.0, 0.0, 0.0, 5.1339365443834954E-5, 0.0, 7.55340242408693E-5, 0.0, 0.0, 6.352887230565728E-5, 0.0, 6.125138429450437E-5, 0.0, 0.0, 0.0, 8.670350609415813E-5, 0.0, 0.0, 0.0, 7.256340305444373E-5, 8.289046447270421E-5, 0.0, 0.0, 0.0, 0.0, 1.1996725196382177E-4, 0.0, 1.0503280710277529E-4, 0.0, 0.0, 1.6447553140876733E-4, 6.545978020010936E-5, 6.062337673947919E-5, 0.0, 0.0, 0.021936319634199657, 0.0, 0.0, 0.0
3.553162420333092E-4, 0.0, 0.04871709104912465, 0.0, 0.060299022384144245, 0.0014584123490634562, 0.0, 5.567405314934428E-4, 0.0, 4.3611727228791246E-4, 0.0, 0.0, 0.0, 0.008564916719268382, 0.0, 0.0, 8.443091055742361E-4, 0.0, 0.0, 2.3616644172411679E-4, 0.0, 1.4383430315628948E-4, 4.7601555305457435E-4, 0.02019373312975158, 0.0, 9.768035870265598E-5, 0.0, 0.0, 1.061737951763616E-4, 0.0, 0.0, 0.0, 3.55926213953972E-4, 0.0, 0.0, 0.010869097350616872, 2.0607119036539136E-4, 0.001274810495377837, 0.0, 0.06410388819633833, 1.7056912490304754E-4, 8.166352364583097E-5, 0.0, 0.011134578491971988, 6.277796727372462E-5, 0.05868639707938737, 0.0, 0.05978331479317668, 7.081968985227009E-4, 0.0, 0.0, 0.0, 0.0, 0.0, 0.0, 0.0, 1.2395457311597917E-4, 2.2268534341367583E-4, 1.1107172052890125E-4, 2.3616644172411679E-4, 1.451418997792685E-4, 0.0017302541661720018, 0.0, 0.0, 0.0, 0.008687632094287797, 0.028496241494677853, 0.0, 9.764395365905498E-5, 8.522644716602598E-5, 0.0, 5.162234838323551E-5, 1.1857392970862372E-4, 5.666395551847289E-4, 0.008028169052715762, 0.0, 0.0, 5.73957368977048E-4, 5.013878101119071E-4, 0.0, 0.0, 0.0, 0.0, 1.1085238435933443E-4, 0.0, 6.004539452929221E-5, 1.1916601625409114E-4, 1.5208247303169695E-4, 1.6210679810437748E-4, 0.0, 0.0, 4.1973139366257103E-4, 0.0, 0.0, 0.0, 1.1204628271523656E-4, 5.862825485677836E-5, 9.384909700623193E-5, 0.0, 6.713613243002124E-5, 1.0227789133906183E-4, 0.010262193215841398, 0.0, 1.211126935210209E-4, 0.0, 0.0, 3.742377504279983E-4, 1.125894829679936E-4, 6.369861354388238E-4, 0.0, 4.0417396435835535E-4, 0.0, 7.75717633785887E-5, 2.76706129334794E-4, 6.61036029698723E-5, 9.982385918259077E-5, 0.0, 0.0, 0.024557980155794013, 0.16235690754972656, 6.696111590126706E-5, 1.0243152649817973E-4, 1.1731136068597756E-4, 7.14122608340702E-5, 5.866473296472664E-5, 0.0, 6.586705327620524E-5, 9.86712929276016E-4, 0.0, 9.541178233232316E-5, 6.626383278159201E-4, 1.1639619983391834E-4, 0.0, 5.368132672915642E-4, 3.04380278434251E-4, 8.8298506509E-5, 0.0, 0.0, 3.533448881090273E-4, 0.0, 1.6655563227325508E-4, 0.0, 0.0, 0.0, 0.0, 0.0, 3.607330250617022E-4, 7.917146423983465E-5, 0.0, 0.0, 0.0, 7.132978919487442E-5, 0.0, 1.0494531787768199E-4, 0.0, 0.0, 8.826562288363444E-5, 0.0, 8.510133095433287E-5, 0.0, 0.0, 4.013069511872842E-4, 1.204639511744389E-4, 0.0, 0.0, 0.0, 1.0081800190535323E-4, 6.050723901869122E-4, 0.0, 0.022669475619479122, 0.0, 0.0, 1.666798706779766E-4, 0.0, 1.4593028029111598E-4, 0.0, 0.0, 2.2851869869597598E-4, 9.09483839944367E-5, 8.422879102078537E-5, 0.0, 0.0, 0.0014584123490634562, 0.0, 0.0, 0.0
0.0, 0.0, 0.0, 0.060299022384144245, 0.0, 0.0, 0.054561295691648554, 0.0, 0.0, 0.0, 0.0, 0.0, 0.0, 0.0, 0.0, 0.0, 0.005675019747015108, 0.0, 0.0, 0.0, 0.0, 0.0, 0.0, 0.019723647701607432, 0.0, 0.0012413051183222453, 0.0, 0.0, 0.0, 0.0, 0.0, 0.0, 0.0012205900002237764, 0.0, 0.001339610970121922, 0.0, 0.0, 0.003539656008758256, 0.009592727912847345, 0.0, 0.0, 8.079492661330996E-4, 0.0024962710139770387, 0.007266986383581232, 0.001794986008875081, 0.0473657443287563, 0.0, 0.07848306128935231, 0.0, 0.008102966067309609, 0.002276598286306981, 0.0, 0.003391737100929475, 0.001091082098710837, 0.0, 0.0, 0.0015751932946590442, 0.0044216357218909525, 0.0, 0.0, 0.0, 0.0, 0.0, 0.0, 0.0021653870803953175, 0.0, 0.027832883818439742, 0.0, 0.0, 0.0, 0.0, 0.0, 0.0, 0.0, 0.0, 0.0, 0.0, 0.0, 0.0, 0.0, 0.0, 0.0, 0.004695049339238701, 0.05216369301423113, 0.006380797129648291, 0.0, 0.0, 0.011832681096086498, 0.009721275834101734, 9.986617635307303E-4, 0.0, 0.0, 0.0, 0.0, 0.0, 0.003203695795745999, 0.0, 0.0, 0.0037475424367928835, 0.0, 0.0, 0.0, 0.0, 0.001539079179869442, 0.0, 0.0, 0.0031581901788406146, 0.002756382397151095, 0.11001074750628026, 0.0, 0.0, 0.0, 0.0, 0.0, 0.0032366576843810137, 0.0, 0.0019714328600473814, 0.0, 0.0, 0.0, 0.0, 0.0, 0.004514874151708027, 0.0010417668405370872, 0.02418258312539006, 0.0, 0.01306409709234804, 0.0, 0.0, 0.0, 0.0, 0.0, 0.0, 0.0, 0.0, 0.0, 0.0, 0.0, 0.0016493097435514045, 0.0, 0.0016478409803760742, 0.0, 0.0, 0.0, 0.0, 0.0, 0.0, 0.0, 0.004820123751842475, 0.0, 0.0, 0.003371082525520427, 0.0, 0.0, 0.0, 0.0, 0.0, 0.0, 0.0, 0.0, 0.0, 0.0, 0.0, 0.0, 0.0, 0.0, 0.0, 0.0, 0.0, 0.017750789317162466, 0.0, 0.0, 0.0033095921761712326, 0.0, 0.0, 0.016012071410193875, 0.004215309395405525, 0.005594527143219263, 0.0, 0.0, 0.0, 0.0, 0.0, 0.0018847665083605442, 8.989327135186041E-4, 0.0
0.0011130738297596306, 9.375230686088064E-4, 0.021936319634199657, 0.0014584123490634562, 0.0, 0.0, 2.2598903788030193E-4, 0.001935664345600642, 0.0, 0.0010713605536095368, 0.0, 0.03803239990244922, 0.04230145537597038, 0.0, 0.0017164502044764262, 2.5867107455512204E-4, 0.0026449068701856404, 0.0, 0.0, 6.791704035091729E-4, 0.14058583794982146, 4.136404859215108E-4, 0.001169374200136291, 0.0011822613661323584, 0.0, 0.0, 5.034213595092945E-4, 0.0, 0.010000382454999299, 0.006387237303938021, 4.91797129119041E-4, 0.0, 8.743641443628345E-4, 0.0, 0.0, 0.0, 0.018816976217527807, 0.002535616625459218, 0.02479077293504148, 0.007224566166783643, 4.905248202957509E-4, 0.0, 2.413075553308483E-4, 0.0, 4.907090156306156E-4, 0.013323848622044597, 0.07200143520342676, 0.0, 0.03857570387656271, 2.6312511700935843E-4, 2.289776807024949E-4, 0.0, 9.27225040109362E-4, 2.469145577080271E-4, 0.0, 2.44046684609157E-4, 0.0, 6.404012925702668E-4, 0.0, 6.791704035091729E-4, 4.174008886255213E-4, 0.004250522002099163, 4.229476714600535E-4, 0.0010866818857374033, 4.900324126426578E-4, 2.8104133255383386E-4, 0.0016683396369886504, 1.7183891756405228E-4, 7.63241794265148E-4, 0.0, 0.0, 0.0, 9.268426305215157E-4, 0.024680189510408696, 0.0, 0.0, 0.01125863468098847, 0.013342343500152034, 0.038655723916632044, 0.0, 0.0, 0.0, 0.0011269944413362365, 8.664865520748219E-4, 0.0, 0.0, 0.0, 0.0, 0.0, 7.890040531711735E-4, 0.0, 8.348518496331842E-4, 0.0, 0.0, 0.0, 0.0, 0.0, 0.0, 0.0, 0.0, 0.0, 0.0, 0.0, 0.0, 0.0, 0.0, 9.492095543593512E-4, 8.800647226548247E-4, 0.0015648126365763579, 0.0, 0.002008799197678442, 8.661846849168891E-4, 0.04172745933523728, 0.03617862134610278, 1.9010156724512186E-4, 2.870747013247637E-4, 0.0010524539381268736, 0.0, 0.0, 0.0, 5.234069323425041E-4, 5.891477271364173E-4, 0.0, 0.0, 0.0, 4.0930684672658307E-4, 0.0, 0.003970677422609006, 2.7623334021211106E-4, 0.0, 0.001627829510185255, 0.0, 9.275096347365788E-4, 0.001318729148729418, 9.53510372285075E-4, 2.5392994812120623E-4, 0.0, 0.0, 8.680228897003481E-4, 0.0, 0.0, 0.0, 0.13950981309820243, 0.03085621636474616, 0.03528131046641172, 3.3826420773484583E-4, 0.030106435781845353, 0.0, 0.0, 9.774414672633703E-4, 0.0, 0.0, 0.029707712827043414, 0.04574068038127172, 0.0, 0.0, 9.437707006509099E-4, 3.4314641282814126E-4, 0.0, 0.01838180016001728, 0.0, 9.858459288618288E-4, 0.010653491641719096, 7.694315676600689E-4, 0.07054799706613984, 0.0, 7.880519969229362E-4, 0.014758717322835164, 3.801404732260264E-4, 0.003242998472247239, 0.0020244603160726863, 0.0, 0.015220037099445225, 0.0, 0.013325329992931742, 4.7266219875943214E-4, 4.074822002391042E-4, 6.571769285665115E-4, 2.615504988984259E-4, 0.009013237254666425, 4.949658521042809E-4, 8.935934793770727E-4, 1.0000000000000002, 7.419643135662729E-4, 0.0, 0.0
0.0033160322837168304, 0.0045966329458680425, 0.0, 0.0, 0.054561295691648554, 2.2598903788030193E-4, 0.0, 0.0032239693820519323, 0.008935127876607588, 0.007269379104477837, 0.0016535954592159809, 0.00447938052157439, 6.231497209459509E-5, 0.0, 6.11285148110081E-5, 5.929010996158321E-5, 0.0037169673583936722, 0.0011714685053474403, 0.0, 0.01022512714214739, 5.482300033996766E-4, 9.481071641670135E-5, 0.0, 5.245563771014952E-4, 0.0029248331957251795, 0.002957854804647652, 1.153894296594623E-4, 0.0, 1.3997236214803154E-4, 0.0011989710160264654, 1.1272503473535941E-4, 3.91144823412844E-4, 0.029783017525179683, 0.0033348757762317587, 0.00373476140752291, 0.0017744738660032018, 0.002682081883986706, 0.08284788030002613, 0.011276726900678501, 0.0015154971759293305, 1.1243340827435021E-4, 0.0011472793258579445, 0.002196684282657822, 0.0, 7.176108668327932E-4, 0.008522871133778885, 0.012222427945283266, 0.07092739479297948, 1.0973901573840513E-4, 4.845403547351228E-4, 5.2484074189385966E-5, 0.0011535240990592963, 0.0, 5.659539360093761E-5, 0.0065689211055868875, 0.0026256352504362397, 0.0, 0.0064852964251682675, 0.0, 0.01022512714214739, 9.56726399626721E-5, 0.00734911947897573, 0.0022314333707768442, 0.0, 1.1232054330114812E-4, 0.0052280283656316665, 0.0018249288880487612, 0.0013960667488451142, 4.527352484502988E-4, 3.951603277656596E-4, 0.0022721732793990826, 0.0, 0.0021424097300446854, 0.0, 0.0, 6.652976494404024E-4, 8.127334336359277E-5, 0.003309377777645851, 7.769280675994284E-5, 0.0, 0.0, 4.0632573799693355E-4, 0.0024558233177574447, 0.0, 0.0012162830540858446, 0.0, 0.0, 0.0012907316155053117, 0.0, 8.566811839212566E-4, 0.0, 0.0, 0.0, 0.0, 0.0, 0.0, 0.0, 0.0, 8.264141873592276E-4, 0.0, 0.0, 0.0, 0.0, 0.0, 0.0, 0.0, 0.09773896927652069, 0.00871457622579237, 0.0025505520909530634, 0.0012930751887384132, 6.262898514282807E-5, 0.0, 0.0014410603935221505, 4.2877141011668484E-5, 0.004842178324887114, 6.580051765744236E-5, 1.0225996632520456E-4, 0.0, 4.2974188786775195E-4, 0.0, 0.0, 0.005326318543400791, 0.0017926809719651321, 0.004524143503579869, 0.0, 7.53731483191547E-4, 0.002766563732853288, 0.002444349219789364, 6.331556454234085E-5, 0.0, 0.0038207028521975574, 0.0, 0.0034605986959946574, 5.851056326898522E-4, 4.716540306125855E-5, 0.0011492330600456637, 0.0, 0.0, 0.0018768099940350358, 0.0, 0.0014135660476191849, 0.0, 0.007852697897884129, 0.0, 0.0, 7.75336867763814E-5, 0.0020790895256524995, 0.0, 0.004134842719697575, 0.0, 0.0, 0.0, 0.04255823644110226, 0.0, 0.0, 0.0, 5.818171852559108E-5, 7.865273913789624E-5, 0.0, 0.0, 0.0, 0.0, 0.0, 0.0, 0.0, 0.0, 0.0, 7.164459933264382E-4, 8.713216387716549E-5, 0.00625127285319529, 0.004679568393183418, 0.007743194234628285, 0.005368019127762559, 0.0, 0.0018993288697944921, 0.013029901436953682, 0.0037094145001005632, 0.011126052933778594, 0.0022090552533308794, 0.0, 0.002611394728732546, 2.0482095164424822E-4, 2.2598903788030193E-4, 0.003331868584145672, 0.0016060985035883167, 0.0015191669870213578
0.002188295049672019, 0.003389002549283663, 7.626935552623052E-5, 5.567405314934428E-4, 0.0, 0.001935664345600642, 0.0032239693820519323, 0.0, 0.03763263227964246, 0.0028290264070254096, 0.0, 0.0885917116061825, 2.283980229400186E-4, 0.0012447717578602535, 4.480987941998891E-4, 0.0, 0.010067351075338524, 0.0, 0.0, 0.006525180621804063, 0.0015276442158662043, 0.0015775160390456631, 3.614361686011351E-4, 3.654193998894622E-4, 0.0, 0.01299723457834512, 0.0, 0.0, 0.045670213984453735, 0.052074461915673, 0.0, 0.0, 0.009545873445869183, 0.0, 0.0015496128710329761, 0.004992464745596465, 0.0035900252713979355, 0.002787754555061177, 0.0016807434166437908, 1.893920373783955E-4, 1.2951226192295848E-4, 6.744809858987599E-4, 0.001940670079011093, 4.82448547986694E-5, 7.745107054096397E-4, 0.003694411000897389, 0.014485175775403755, 0.005043684930615899, 0.0026886513683714195, 0.012104868328648846, 0.0, 0.01888771065203084, 0.0014975288622568787, 0.0, 0.0, 0.0, 0.0164932508975646, 0.04476151009679175, 8.433618786254137E-5, 0.006525180621804063, 0.0015918572260927475, 0.011223895584981153, 0.0, 0.003529043127054946, 0.0, 0.006235093568824306, 0.008497307042046246, 0.0014558545719978552, 3.10047237267775E-4, 6.471200432319463E-5, 0.0, 5.661728861665921E-4, 0.003265497222321374, 0.04006538659640371, 0.0, 0.016078411756929988, 0.006371937911090136, 4.3580288722135205E-4, 6.65462348817629E-4, 0.0, 0.0, 0.0020128491393413537, 0.001820169463181261, 3.519877496477214E-4, 9.748640042049618E-4, 4.559216017532682E-5, 9.048214510209771E-5, 1.1547544194981378E-4, 1.2308686057643702E-4, 0.0015479992156877376, 0.0, 0.010888030038850124, 0.0, 0.0, 0.0, 8.507616793342824E-5, 4.451613328855964E-5, 7.125913813307653E-5, 0.0, 5.097612110464656E-5, 7.765907845022771E-5, 0.004713697576706279, 0.001980286100078906, 9.19602471690303E-5, 0.0, 0.0, 0.0020052228494316037, 0.001201921707308824, 0.060911343032859847, 0.02149748790518484, 5.364361682283676E-4, 0.0016994249997866336, 0.001933186119572044, 0.0016953049323705355, 5.459674198721135E-4, 0.0010948274193595018, 1.8740258841113558E-4, 0.0, 6.179441826066088E-4, 0.0, 2.1262052806717593E-4, 0.0017844889820080897, 0.001163882701809456, 5.4222963475422515E-5, 4.45438309288784E-5, 0.0, 5.0012515810526603E-5, 0.004332157309736717, 0.0, 7.244567708830026E-5, 5.031378845442698E-4, 8.837903769686343E-5, 2.86679429630614E-4, 4.0759956127289716E-4, 2.3111438466467393E-4, 0.001538273589976033, 0.0, 0.0, 0.001739206251460507, 0.0, 1.264648375488755E-4, 0.0, 7.532545915775126E-4, 0.0, 0.0023919718216275916, 0.0015196859687032476, 2.7390273622267724E-4, 6.011448683506966E-5, 0.0, 3.021126162338533E-4, 0.0, 0.002966783243228232, 0.0, 0.08710958819735455, 0.0, 0.0, 2.802683780743482E-4, 0.0, 6.46170042252061E-5, 0.0, 0.0, 3.047103102816167E-4, 9.146766043178345E-5, 0.004257268934227745, 2.605215694596548E-4, 0.0, 3.2012574036849556E-4, 0.001601412030498592, 0.0, 7.860466106789408E-4, 0.006936023385419541, 0.0039020143353846286, 0.00565649184311787, 0.0, 0.0025422932394303073, 0.0012326791594588454, 0.055349055660335975, 1.7351307615976445E-4, 0.002967076640914075, 6.39544891277283E-5, 0.0, 0.0, 0.001935664345600642, 0.0025420512267811993, 0.0017235064668855448, 0.010738978323991911
0.005468772664798746, 0.0, 0.0, 0.0, 0.0, 0.0, 0.008935127876607588, 0.03763263227964246, 0.0, 0.008916500839070963, 0.0, 0.0, 0.0, 0.0, 0.0, 0.0, 0.009572711650764962, 0.0, 0.0, 0.0, 0.0, 0.0019457177307118806, 0.0015137375745043519, 0.001530419819926603, 0.0026132373450310476, 0.0, 0.002368036733720933, 0.0, 0.010861757237616572, 0.005771310601015947, 0.0, 0.0, 0.008559626429622581, 0.0783014155928677, 0.0, 0.0, 0.0, 0.0, 0.0, 0.011673907489688455, 0.0023073728822202507, 0.0, 0.0, 0.0, 0.0, 0.012636313327635706, 0.021530440763527788, 0.012872500870505739, 0.0, 0.0, 0.0, 0.02064703343012051, 0.0, 0.0, 0.0, 0.001147967806651281, 0.0016767947938852769, 0.04556216788741359, 0.08510537937706955, 0.0, 0.0019634062367088452, 0.019617488554780266, 0.021640862425255925, 0.005385941844335678, 0.0, 0.0, 0.0021596409389315514, 0.00288192305329743, 0.0, 0.0, 0.0, 0.0, 0.005718875367183329, 0.0014589551175403354, 0.0, 0.02003462936500931, 0.012613509009317167, 0.008833940019908339, 0.0, 0.0, 0.0, 0.0033950908498317986, 0.0, 0.0014995550088304087, 0.0, 0.0, 0.0, 0.0, 0.0, 0.0, 0.0, 0.0, 0.003307117933296455, 0.0, 0.0, 0.0, 0.0, 0.0, 0.0, 9.0818365559552E-4, 0.0, 0.0, 0.0, 0.0, 0.0, 0.0, 0.0, 0.0, 0.0, 0.023144871157276967, 0.0, 0.0, 0.0, 0.0, 0.0, 0.0, 0.0, 0.0, 0.0011471383192058632, 0.0, 0.0, 0.026826027208326834, 0.0, 0.0, 0.0, 0.0, 0.10781295952808986, 0.0, 0.0, 0.0, 0.01230605489152805, 0.0, 0.007768986490855516, 0.0017070753423439643, 0.0, 0.0, 0.0, 0.0, 0.0, 0.0, 0.0, 0.0, 0.02041313097936922, 0.0, 0.0, 0.0, 0.0, 0.0, 0.0, 0.0, 0.0, 0.0, 0.0, 0.0, 0.0, 0.0, 0.0, 0.0, 0.0, 0.0, 0.0, 0.0, 0.0, 0.0, 0.0, 0.03282038894252437, 0.02640345755513283, 0.0, 0.0, 0.03251745608776809, 0.022525350750566, 0.007724195317125795, 0.0022547610174640117, 0.0, 0.0, 0.0, 0.0, 0.0, 0.15448354069410136, 0.0, 0.02299753647264217, 0.1270993712281483, 0.0, 0.008255536685404295, 0.0034117508128634517, 0.013794117771286363
0.0032614770007639154, 0.006849817428493329, 0.0, 4.3611727228791246E-4, 0.0, 0.0010713605536095368, 0.007269379104477837, 0.0028290264070254096, 0.008916500839070963, 0.0, 0.0, 0.001154360576515083, 9.336747846498551E-4, 6.851127182842351E-4, 0.0, 8.883528113631122E-4, 0.0067102115402452546, 0.0, 0.0, 0.0, 8.408035245773817E-4, 0.0, 3.496845640225095E-4, 0.08272499094183146, 0.0, 0.0, 0.0, 0.0, 0.0, 0.05637838529907895, 0.011167926145712359, 0.0, 0.0060291903470191584, 0.0016476368478194892, 6.663241421429709E-4, 0.0035225736498906528, 0.0, 0.012890075648732516, 0.010790971194866454, 1.8323421332269808E-4, 0.0, 0.0, 0.0, 0.0, 0.0, 0.005453982788393588, 0.047239587264013234, 0.0023387893925529645, 0.0017040969896157249, 0.0, 0.0, 0.0, 0.007746677451176964, 6.105437732310398E-4, 0.0, 0.0, 0.0, 0.001583515468578525, 0.009356650301463933, 0.0, 0.0, 0.010858965912178989, 0.004237253692706495, 0.003620931096079076, 0.011127852257294847, 0.0037807598709543025, 0.023645557903999033, 0.0014085194441374686, 0.0, 0.006171767061671302, 0.0, 0.0, 0.0027950597584692656, 3.370294117013969E-4, 0.0, 0.0, 0.0, 4.216333501086996E-4, 3.6832321267679674E-4, 0.0, 0.0, 0.0016593265636047347, 0.0, 0.0, 0.0, 0.0, 0.0, 0.0, 0.0016010297710819972, 7.177829245961825E-4, 6.050952752563845E-4, 2.4965045836340547E-4, 0.0016163304248439385, 0.0, 0.0, 7.967611121433298E-4, 0.0, 0.0, 0.0, 0.0, 0.0, 0.0, 0.0, 0.0, 0.0, 0.0, 9.260904171954757E-4, 0.00562938615787575, 0.0015327462716831699, 0.0016088023548997785, 2.969091988885018E-4, 7.879966825026986E-4, 0.0, 0.04645857455373694, 0.0, 0.0, 7.660883799486455E-4, 0.0, 5.606557142002487E-4, 0.0, 4.761604926371813E-4, 0.002023307169578001, 0.0, 0.003570557231852712, 0.0, 0.0, 4.6838061335181385E-4, 5.868832753188991E-4, 0.0, 0.0, 4.867790417351114E-4, 0.0, 0.0, 3.9434701687746803E-4, 7.324142724434382E-4, 0.0, 0.0, 0.0, 2.595697816071605E-4, 0.0, 0.0, 0.0, 0.0, 0.0010047295871130858, 0.0011091197671677937, 8.364233670809074E-4, 2.1455904040828126E-4, 0.0, 0.0, 0.0, 7.579925092568401E-4, 0.1141258788590675, 0.0, 0.0, 0.0, 0.0, 0.0, 0.0, 0.0, 0.0, 0.0, 2.948030696993619E-4, 0.0, 0.0, 0.001064993545612981, 0.0, 0.0, 3.598887332088408E-4, 0.0, 0.004894547179560393, 0.044160031170792556, 0.0037751456556201187, 0.003156019226831335, 0.0, 0.0, 0.003112051607966779, 0.0, 0.004326913644949631, 0.002143862220180531, 0.0, 0.004958759738178547, 0.0, 0.0010713605536095368, 0.09212094216727192, 0.0016674690023287136, 0.0019819563234199063
0.0, 0.0, 0.0, 0.0, 0.0, 0.0, 0.0016535954592159809, 0.0, 0.0, 0.0, 0.0, 0.0, 0.0, 0.0, 0.0, 0.0, 0.0, 0.7084371808222482, 0.0, 0.0, 0.002488091290923281, 0.0, 0.0, 0.0023806507220893716, 0.0, 0.0, 0.0, 0.0, 0.0, 0.0, 0.0, 0.0017751746941761706, 0.0, 0.0, 0.0, 0.0, 0.0, 0.0, 0.0, 0.0, 0.0, 0.0, 0.0, 0.0, 0.0013210209744349854, 0.0, 0.0, 0.0025991844122915547, 0.0, 0.0019253256829333753, 0.0, 0.0021234761063458228, 0.0, 0.0, 0.0, 0.0, 0.0, 0.004685911668118754, 0.0, 0.0, 0.0, 0.0, 0.0, 0.0, 0.0, 0.0, 0.0033594381710031294, 0.0012573709612897727, 0.0020546971558978357, 0.0017933986902124133, 0.01031204879864987, 0.0, 0.0, 0.0, 0.0, 0.0, 0.0, 0.0, 0.0, 0.0, 0.0, 0.0018440718744302525, 0.0, 0.0, 0.0022390065417886434, 0.0, 0.0, 0.0, 0.0, 0.0, 0.0, 0.0, 0.0, 0.0, 0.0, 0.0, 0.0, 0.0, 0.0, 0.0, 0.0, 0.0, 0.0, 0.0, 0.0, 0.0, 0.0, 0.0, 0.0, 0.002380370093033911, 0.0, 0.0, 0.0, 0.0, 0.0, 0.0, 0.0, 0.0, 0.0, 0.0, 0.0, 0.0, 0.0, 0.0, 0.0, 0.0029949591782039444, 0.0, 0.0, 0.0, 0.0, 0.0, 0.0, 0.0024969169965278876, 0.002655447932324231, 0.0, 0.0, 0.0, 0.0, 0.0, 0.0, 0.0, 0.0, 0.0, 0.0, 0.0, 0.0, 0.0, 0.0, 0.0, 0.0, 0.0, 0.0, 0.0, 0.0, 0.0, 0.0, 0.0, 0.0, 0.0, 0.0, 0.0, 0.0, 0.0, 0.0, 0.0, 0.0, 0.0, 0.0, 0.0, 0.0, 0.0, 0.0, 0.0, 0.0, 0.0, 0.0, 0.0, 0.0, 0.0, 0.0, 0.0, 0.0, 0.0, 0.0, 0.0014885325943532566, 0.0
0.004410888728809983, 0.027347417202776104, 0.007478502678036847, 0.0, 0.0, 0.03803239990244922, 0.00447938052157439, 0.0885917116061825, 0.0, 0.001154360576515083, 0.0, 0.0, 0.008102822320959336, 0.0015621400223333514, 0.0, 0.0010127760319922528, 0.003218119481227106, 0.0, 0.0, 0.0, 0.0, 0.0, 0.0, 0.001273853053112735, 0.0, 0.0, 0.0, 0.0, 0.0, 0.056553564701821726, 0.0, 0.0, 0.0, 0.0049601654214103865, 0.007408485610047321, 0.001376663510522465, 0.0, 0.0, 0.006247183730657754, 0.00213911660245054, 0.0027655978388926874, 0.0, 0.0, 0.0, 0.0, 0.009461313531642701, 0.023765703832836348, 0.0, 0.002699322109206049, 0.0, 0.0, 0.0025565456185608387, 0.0, 0.0, 0.0, 0.0, 0.0, 0.0, 0.0018009103958962357, 0.0, 0.0, 0.0, 0.001655968937301475, 0.00577614543651786, 0.0, 0.011831646755949806, 0.004386116155574777, 0.0, 0.0, 0.0194323590224742, 0.0, 0.0, 0.0, 0.0, 0.0, 0.0, 0.0, 0.0, 0.0, 0.0, 0.0, 0.0022201586619209897, 0.0, 0.0, 0.0, 0.0, 0.0, 0.0, 0.001825270948565853, 0.0, 0.0, 0.0, 0.0, 0.0, 0.0, 0.0, 0.0, 0.0, 0.0, 0.0, 0.0, 0.0, 0.0021842418551101957, 0.0, 0.0, 0.0, 0.008922599676397672, 0.0, 0.0, 0.025792483571356127, 0.0, 0.0, 0.002829924101926053, 0.0023730232256095737, 0.0, 0.0, 8.733871719381828E-4, 0.0, 0.0, 0.0, 0.0, 0.008145508842179194, 0.0, 0.0, 0.0, 0.0, 0.0, 0.0, 0.0, 0.0, 0.0, 0.0, 0.0, 0.0, 0.0, 0.0, 0.0, 0.0, 0.0, 0.0, 0.0, 0.0, 0.02321250132800593, 0.0, 0.0, 0.0, 0.0, 0.0, 0.0, 0.0, 0.0, 0.0, 0.0, 0.0, 0.0, 0.0, 0.0, 0.0, 0.0, 0.0, 0.0, 0.0, 0.0, 0.0, 0.0012141571720454655, 0.0, 0.0, 0.004201420413152505, 0.0, 0.002740160689895439, 0.0, 0.0, 0.006925252850652791, 0.0, 0.0, 0.0, 0.0, 0.0, 0.0, 0.004438462284977485, 0.0019379420467788508, 0.0, 0.03803239990244922, 0.0, 0.0, 0.0
8.26925261307413E-4, 2.585157422075523E-4, 0.006048794041891973, 0.0, 0.0, 0.04230145537597038, 6.231497209459509E-5, 2.283980229400186E-4, 0.0, 9.336747846498551E-4, 0.0, 0.008102822320959336, 0.0, 0.0, 0.0688824452614368, 8.90484602917143E-4, 1.5739073237349901E-4, 0.0, 0.0, 1.8727671545097532E-4, 0.0, 1.1405860912176763E-4, 0.0, 0.0010303231929759626, 0.0, 0.0, 1.3881508706745633E-4, 0.0, 1.6838869639930823E-4, 1.4302672201829512E-4, 1.356097829554336E-4, 0.0, 0.0, 0.0, 6.144232291196084E-4, 0.0011134787802635786, 1.6341159818881334E-4, 0.0, 0.0068358905287644765, 9.299485633865279E-5, 1.3525895227106644E-4, 0.0, 6.653895125931441E-5, 0.0, 1.353097429079031E-4, 9.615185867252318E-5, 0.01353249637046605, 0.0, 1.3201756061521948E-4, 7.255499858586029E-5, 6.31390704482697E-5, 0.0, 2.55676129434334E-4, 6.808504482184061E-5, 0.0, 6.72942479150385E-5, 0.0, 1.7658639131423642E-4, 0.0, 1.8727671545097532E-4, 1.1509551512288511E-4, 0.0, 0.0014560127757716397, 2.996452926238626E-4, 1.351231741401913E-4, 0.0018574947872827474, 0.0014539331750083296, 4.738343706052259E-5, 2.1045884153129981E-4, 0.0, 0.0, 0.0, 2.555706825373568E-4, 0.012729455519986617, 0.0, 0.0, 9.777296125456019E-5, 0.0, 3.475087853942973E-4, 0.0, 0.0, 0.0, 3.1076121134613997E-4, 2.3892789588087735E-4, 0.0, 0.0, 0.0, 0.0, 0.0014763233382196089, 2.1756261284640676E-4, 0.0, 0.0, 0.0, 0.0, 0.0, 0.0, 0.0, 0.0, 0.0, 0.0, 0.0, 0.0, 0.0, 0.0, 0.0, 0.0, 7.051871473284077E-4, 2.4267198598686154E-4, 0.0, 0.0, 2.801304710834942E-4, 2.3884465802253123E-4, 0.05728429168780024, 1.917833042148147E-4, 5.2419241079706885E-5, 7.915893695512804E-5, 9.966238558904456E-4, 0.012577680666416633, 0.0, 0.0, 1.4432597567106903E-4, 0.002028162525558355, 0.0, 0.0, 0.0, 1.1286363697606999E-4, 0.0, 5.537177325645805E-4, 7.61695038324462E-5, 0.0, 0.0, 0.0, 2.557546045073713E-4, 0.0, 0.00850201677613015, 7.001949200534294E-5, 0.0, 0.0, 0.0, 0.0, 0.0, 0.0, 0.03846890181788956, 0.008508396158279074, 0.009728586385414342, 9.327410242244564E-5, 0.0, 0.0, 0.0, 2.6952297477755697E-4, 0.0, 0.0, 0.0, 2.26195982413733E-4, 0.0, 0.0, 2.6023848513354855E-4, 9.462033796113552E-5, 0.0, 0.0, 0.0, 0.0, 0.0, 2.1216563032067754E-4, 0.013941692934653924, 0.0, 2.1730008967670855E-4, 3.395509494109473E-4, 1.0482120373313372E-4, 0.002409289741060312, 5.58231449126766E-4, 0.0, 1.3217482756855696E-4, 0.0, 1.1572068994326383E-4, 1.3033345334858513E-4, 1.1236050285940558E-4, 1.8121216121343292E-4, 7.212080812882416E-5, 0.0, 0.0017039379877578904, 2.464024505506692E-4, 0.04230145537597038, 2.0459171793791572E-4, 0.0, 0.0
0.001395448494581022, 0.0032185849875403273, 0.0, 0.008564916719268382, 0.0, 0.0, 0.0, 0.0012447717578602535, 0.0, 6.851127182842351E-4, 0.0, 0.0015621400223333514, 0.0, 0.0, 0.0, 0.0, 0.0056473765776390685, 0.0, 0.0, 0.01972762738087833, 0.0017840144898219577, 0.012014871869773404, 0.0, 3.7801573687982527E-4, 0.0, 0.0770620099358412, 0.0, 0.0, 0.03547594744726287, 0.0011086182700165137, 0.006348915912784447, 0.0, 0.0, 0.0, 9.017040528452865E-4, 0.007503515402596849, 0.0, 0.0, 0.0020197821123029503, 0.0, 0.0022796967184359786, 0.0, 9.856655082539664E-4, 0.0, 0.0, 0.002025716902715504, 0.0, 0.0, 0.010917692313775982, 0.0, 0.0, 0.006193098758843068, 0.0, 2.868816641131831E-4, 0.0, 0.0, 0.0, 0.005975736516670314, 0.0014844998292903254, 0.01972762738087833, 0.0, 0.0, 0.0, 0.002322588683006848, 0.006326134086996786, 0.013301197692358453, 0.0026671709628185575, 0.0, 0.0, 2.8476790866867395E-4, 0.03007499657057457, 0.0, 0.007276998812729526, 0.009009096501671868, 0.005542271653154822, 0.0, 0.0, 0.0, 0.004375825638955085, 0.0, 0.0, 0.0, 0.0, 0.00411546763744318, 0.0, 0.0, 0.0, 0.0, 0.0, 0.0015229897361217824, 2.8432152963238323E-4, 0.0, 0.0, 0.03779909171813652, 0.0, 3.743812708836717E-4, 0.0, 0.0, 0.0, 0.0, 0.0, 0.007084537232074802, 0.008492069060337552, 0.0, 0.0, 0.0, 0.0, 0.0, 0.00401829550559088, 0.003413552189667047, 0.0, 0.00847271898150413, 0.006479781090143722, 0.0, 0.0, 0.0, 0.0, 0.0, 0.0, 0.0, 2.2373778998646064E-4, 0.0, 0.0, 0.0, 0.0, 0.0, 0.002665439838678267, 0.0, 0.0, 0.0, 0.0, 0.0, 0.0, 0.0, 2.3908110639164645E-4, 0.0, 0.0, 0.0, 0.0, 0.0, 0.0, 0.0, 0.0, 4.721012785199255E-4, 0.0023533271183298846, 0.0017747206842978432, 0.0, 0.0, 0.0, 0.0, 3.5616472065573156E-4, 0.0, 0.0, 0.0, 0.0, 0.0, 0.0, 0.0, 0.0, 0.0, 0.0, 0.0, 0.0, 0.0, 0.0, 0.0, 0.0, 0.0, 0.0, 0.015748409960448004, 0.0, 0.0, 0.0022277159153504425, 0.0, 0.0, 0.0, 0.0016644366955375477, 0.0, 0.0, 0.0011257377242045255, 0.0, 0.0, 0.0, 0.0, 0.0, 0.0
6.497468501107476E-5, 5.07187369110088E-4, 0.0, 0.0, 0.0, 0.0017164502044764262, 6.11285148110081E-5, 4.480987941998891E-4, 0.0, 0.0, 0.0, 0.0, 0.0688824452614368, 0.0, 0.0, 6.99687859218078E-5, 1.543940628008936E-4, 0.0, 0.0, 1.8371102624941782E-4, 0.0, 1.1188696941786317E-4, 0.0, 0.0, 0.0, 0.0, 1.3617209188368366E-4, 0.0, 1.6518262908352097E-4, 2.806070772845174E-4, 1.3302781574426513E-4, 0.0, 0.0, 0.0, 0.0, 0.0, 1.60300293242718E-4, 0.0, 4.634430604112785E-4, 9.122426379996674E-5, 1.3268366476473905E-4, 0.0, 6.527207075355069E-5, 0.0, 2.6546697672795287E-4, 9.432115781175305E-5, 0.0010725762062880277, 0.0, 1.2950398817687287E-4, 7.11735744491029E-5, 6.193692259368118E-5, 0.0, 5.016162742148932E-4, 0.02768021693355993, 0.0, 6.601298680075758E-5, 0.0, 1.73224242490049E-4, 0.0, 1.8371102624941782E-4, 1.1290413305793854E-4, 0.0, 1.1440450050865416E-4, 5.878802827802394E-4, 1.32550471806366E-4, 7.601979025470212E-5, 0.0, 4.64812714632003E-5, 4.129035440190632E-4, 0.0, 0.0, 0.0, 5.014093957718165E-4, 0.0, 0.0, 0.0, 9.59113951153305E-5, 0.0, 5.900986848755248E-4, 0.0, 0.0, 0.0, 6.096888330984904E-4, 4.6875756920651855E-4, 0.0, 0.0, 0.0, 0.0, 0.0, 4.2684057954851324E-4, 0.0, 0.0, 0.0, 0.0, 0.0, 0.03603559111145861, 0.0, 0.0, 0.0, 0.0, 0.0, 0.0, 0.0, 0.0, 0.0, 0.0, 5.5409255123103725E-5, 4.761031768447591E-4, 0.0, 0.0, 4.7568472950221957E-4, 4.6859426313461584E-4, 6.0342139019500995E-5, 3.2566392665393036E-4, 0.02131122874892215, 7.765177592857982E-5, 4.4868552806995733E-4, 0.0, 0.0, 0.0, 2.831561098359974E-4, 1.593604977565566E-4, 0.0, 0.0, 0.0, 1.1071474916241422E-4, 0.0, 9.402585474432685E-4, 7.471926066340449E-5, 0.0, 0.0, 0.0, 5.017702360800184E-4, 0.0, 5.5660311506375476E-5, 6.868634310885158E-5, 0.0, 0.0, 0.0, 0.0, 0.0, 0.0, 0.0015609381238643823, 0.0, 0.05082237773612141, 9.149819312698521E-5, 0.0, 0.0, 0.0, 5.287826858234562E-4, 0.0, 0.0, 0.0, 4.4377856545225667E-4, 0.0, 0.0, 4.4190649067206536E-4, 9.281879676845017E-5, 0.0, 0.0, 0.0, 0.0682661614715344, 0.0, 4.16252128164535E-4, 4.5598656862176314E-4, 0.0, 4.2632552992471595E-4, 5.765856206147125E-4, 1.0282544129493924E-4, 1.8930712284482036E-4, 0.001095205799149376, 0.0, 1.2965826081735128E-4, 0.0, 1.1351740474823115E-4, 1.278519457778887E-4, 1.1022119455958528E-4, 1.7776193919905343E-4, 7.074765084051265E-5, 0.0, 1.3388493399987635E-4, 2.4171102612532025E-4, 0.0017164502044764262, 4.013927131730906E-4, 0.0, 0.0
7.867850698625276E-4, 0.0, 0.0, 0.0, 0.0, 2.5867107455512204E-4, 5.929010996158321E-5, 0.0, 0.0, 8.883528113631122E-4, 0.0, 0.0010127760319922528, 8.90484602917143E-4, 0.0, 6.99687859218078E-5, 0.0, 1.4975075035247046E-4, 0.0, 0.0, 1.7818602302311772E-4, 0.0, 1.085220333025134E-4, 0.0, 9.803097611081628E-4, 0.0, 0.0, 1.3207679470773765E-4, 0.0, 0.008440207660395457, 0.0, 1.2902708086090072E-4, 0.0, 0.009396090053577402, 0.0, 5.845982047805862E-4, 0.001059428851568775, 1.5547935431801547E-4, 0.0, 0.0, 0.041243088030560704, 0.013430573695808851, 0.0, 6.330905084743443E-5, 0.0, 0.0, 9.148450335579904E-5, 0.033575908833759036, 0.0, 1.256092303765189E-4, 0.010343915241896208, 6.007420534614595E-5, 0.0, 0.037003343965424144, 6.478009471140216E-5, 0.0, 6.402768427157393E-5, 0.0, 1.6801462324089438E-4, 0.0, 1.7818602302311772E-4, 1.0950860633239066E-4, 0.03172010432756285, 0.0013853357336006597, 0.0, 1.2856409276680036E-4, 0.001767329206597109, 0.0013833570797749679, 4.5083374015019634E-5, 0.0, 0.0, 0.0, 0.0, 0.0, 0.0, 0.0, 0.0, 9.302691518905921E-5, 0.0, 8.892856927176459E-5, 0.0, 0.0, 0.0, 0.0, 0.0, 0.0, 0.0, 0.0, 0.0, 0.0014046603909092384, 0.0, 0.0, 0.0, 0.0066571183866912746, 0.0, 0.0, 0.0, 0.0, 0.0, 0.0, 0.0, 0.0, 0.0, 0.0, 0.0, 0.0, 0.0, 6.709563063773391E-4, 0.0, 0.0, 0.07939573044610716, 7.168625096661907E-5, 0.0, 5.852738396875102E-5, 4.907793866184923E-5, 4.987473256026909E-5, 7.531644352479225E-5, 0.009499929868284325, 0.0, 0.0, 0.0, 0.0, 0.0019297124770877837, 0.0, 0.0, 0.0, 1.0738506689559773E-4, 0.0, 1.4169807442854297E-4, 7.24721219659613E-5, 0.0, 0.0, 0.0, 0.0, 0.0, 5.398635971955088E-5, 6.662064092958261E-5, 0.0, 0.0, 0.0, 0.0, 0.0, 0.0, 0.024549408952642786, 0.0, 0.012163551186357717, 0.01329776622598887, 0.0, 0.02469683420746853, 0.0, 0.0, 0.0, 0.0, 0.0, 0.0, 0.0, 0.0, 6.659583045107563E-5, 9.002732495493617E-5, 0.0, 0.0, 0.0, 0.0, 0.0, 0.0, 9.343700392813807E-4, 0.0, 0.0, 8.689213451603395E-5, 9.973302541496386E-5, 0.002292339206377822, 0.0, 0.0, 0.013124334711929194, 0.037455444669302826, 1.1010343423007789E-4, 1.240068722004729E-4, 1.0690635566297175E-4, 1.7241585133683266E-4, 6.861995601931939E-5, 0.05911745022584463, 0.0016212262842471327, 2.3444170633304167E-4, 2.5867107455512204E-4, 0.0, 0.0, 0.0
