0.0, 6.336412405122025E-5, 0.015464002114364623, 0.00607795234631897, 0.0038150162254992136, 0.009207338436302096, 0.02137612807423084, 0.015395910623228936, 0.0034060371074517474, 0.00934278424957426, 0.006727450214331759, 0.010362300758946306, 0.0, 0.0020325144935980023, 0.0, 0.0, 0.0, 0.0, 0.010129607304349584, 0.005723662885985981, 0.00424536698149473, 0.055433807918106946, 0.0, 0.0, 0.0, 0.004224512884842891, 0.013028609408475184, 0.0, 0.019964897500989263, 1.134499923681999E-4, 0.0, 0.01297337230639513, 0.0, 0.040226137394142734, 0.04181198502008785, 0.007545211047536399, 0.012730897139536877, 6.231056964433878E-4, 0.0, 0.0, 0.0, 0.0, 7.809190105334254E-5, 0.0, 4.394541398801267E-5, 9.404301394614137E-5, 0.0, 1.0254825794214943E-4, 0.002227234963024852, 0.0, 0.0, 0.0, 0.0036236241389853156, 0.0, 0.0, 0.0, 0.0, 0.0, 0.0, 6.27675514701967E-4, 0.003735514093065102, 0.02258660811663895, 0.0, 5.12359001059632E-5, 4.935194455885515E-5, 0.0, 0.0043717720555896955, 0.003382702922516934, 0.00706334888839669, 0.0016400081225228069, 9.540741145266751E-4, 0.0, 0.002115718148751782, 0.0, 0.0, 0.0, 0.0, 0.0, 0.0044448665692381605, 2.9190857484600674E-4, 0.13982608868722018, 2.443307633699368E-4, 4.58017689792718E-4, 0.0, 9.665466689360566E-4, 0.0, 0.015099262458745141, 6.856288149056327E-5, 6.751067611436581E-5, 0.0, 0.0, 0.0, 7.491290289829749E-4, 8.339023894222851E-4, 1.348717867619185E-4, 6.156780978821011E-5, 0.007178680167661924, 7.761144434216151E-4, 6.756913382236974E-4, 0.004729238036791826, 0.0, 0.0, 0.0, 7.715641191534578E-4, 0.001323699395659894, 0.06689085572245669, 0.0, 0.0054574338905424855, 0.0, 0.0, 0.0, 0.0, 0.0, 5.818410108895312E-4, 0.0, 0.0, 7.626351661549139E-4, 0.0, 0.0, 5.912512085337964E-5, 0.006174326845760542, 0.0, 0.0, 6.529797393493365E-4, 0.005700387490575269, 0.0016177611669392084, 0.0, 0.01847454731767087, 0.0027004627596557322, 0.0, 0.0, 0.0, 1.4696585722747955E-4, 1.7709602539180318E-4, 0.0, 0.0, 0.0, 1.0303220476564087E-4, 0.0, 8.383724568176455E-5, 0.0, 0.0037362824151624748, 7.47234138899005E-4, 0.0, 0.0, 0.0, 0.0, 1.9127204923440107E-4, 0.013604885317384173, 0.0, 7.484881630388771E-4, 0.0, 0.0, 7.040943688998474E-5, 0.002565049071481186, 0.0013328090380245589, 8.696580951363873E-5, 1.0760976015689296E-4, 0.0, 1.368146751707916E-4, 0.0031047303576423038, 0.002323155278431671, 0.0, 0.0, 0.0013740552599916832, 0.0, 8.706498341431657E-5, 1.3905810734737893E-4, 0.0, 0.05302901701070406, 0.0, 0.0, 0.0, 7.098869203793591E-5, 0.0, 8.000826067713782E-5, 8.458161931172189E-4, 0.0, 4.528234220562793E-4, 0.042396103150162, 6.775516087598206E-5, 0.0, 0.0
6.336412405122025E-5, 0.0, 0.014891545567309539, 0.0, 1.6949616908094441E-4, 0.004009024339680687, 4.3430781269220314E-5, 2.736861311937138E-4, 0.0, 0.002958926837162849, 0.0017212228463420074, 0.04414387075004036, 0.0, 0.056972929888596646, 0.0010536511302243975, 0.012680887679360035, 0.007830622641615635, 0.0, 0.013643004027874411, 0.009568316238091628, 0.005293250783872252, 0.0012155667579163867, 0.0025066561796829763, 0.0, 0.005133804098448162, 0.0034262771871477354, 0.005995817305849937, 0.0, 0.004717385648768385, 2.0217969295733057E-4, 0.0067440162167630895, 9.381553143916323E-5, 0.0, 6.305873714416549E-4, 3.614700174440254E-4, 1.7686229698909018E-4, 2.1285491658573099E-4, 7.209473765064512E-5, 0.0014720962863977174, 0.0, 0.0, 0.006280652105932514, 0.0019030250889802132, 0.0, 2.460938530142397E-5, 1.6759443775636902E-4, 5.787905987786134E-4, 1.8275166768424067E-4, 0.0, 0.0, 0.0, 0.003417739639564443, 0.002278380115910461, 0.009404318186811743, 0.007822102064025014, 0.0, 0.0024180007674756213, 0.0, 0.0, 0.03812445268573995, 0.0, 1.1514875370104938E-4, 0.0032876100929968006, 2.8692049807901655E-5, 0.0014691985186977838, 0.0, 0.002880514653338842, 0.004505975284574937, 0.0, 0.0, 0.006401673763739818, 0.0, 0.0025300473289013594, 0.0, 0.004534370409865679, 1.080570243195011E-4, 0.012224322114184222, 0.005260459683628065, 0.005315321796269809, 0.0012388944787914136, 0.0019695280468535943, 3.358902212137352E-4, 2.5648942130916555E-4, 1.0860513672161673E-4, 4.260721873801794E-5, 3.0831055763016536E-4, 7.143875982218289E-5, 3.747800183229913E-4, 1.2031105056266336E-4, 0.0, 3.8767429039244096E-4, 2.346184596877302E-4, 0.0, 3.676000616853989E-5, 3.239699275199231E-4, 0.0018328626308216041, 3.396430850440944E-5, 4.467140815395846E-5, 0.001711833611003063, 1.1212369828881178E-4, 0.004213878344465475, 0.011197453526380918, 0.0, 1.0823762050367154E-4, 2.5391803940613754E-4, 0.0, 0.0, 2.6637448001628934E-5, 0.002593939978164616, 0.0, 0.0, 0.0, 0.0, 0.007599013945298676, 0.0, 0.0, 0.0012231020390211142, 0.01681329722166436, 0.05974400029073311, 1.7867688481591385E-4, 0.0018580020973578408, 8.207210823928281E-4, 0.0, 0.005963441034116981, 0.006320557564407865, 0.0, 0.025780407953315956, 0.0, 0.02033144562297153, 0.0, 9.353962695678705E-5, 0.0, 0.00250165084430266, 5.35186493889063E-4, 1.864002384628412E-4, 0.0, 0.0, 1.8361411128726556E-4, 0.0023146968198289094, 4.694876881022164E-5, 0.0, 0.0, 1.3686942355057116E-4, 0.011061673686830703, 0.0, 0.0, 0.0, 4.594466597854288E-4, 2.8743112934199877E-5, 0.0, 0.0, 0.0, 0.0, 3.94292101049402E-5, 0.002602009792096045, 3.106645785810495E-4, 4.870076124337275E-5, 6.026135174462513E-5, 0.0, 0.004072948287930814, 0.0, 0.0, 8.234758030219893E-4, 0.0, 0.0, 0.0, 0.004252743262983611, 7.787239287202769E-5, 0.0, 7.725336466156097E-4, 0.0015452496430192547, 0.038685489138231915, 0.0, 0.021034619565128258, 0.0, 4.4804541261974226E-5, 4.73656172548133E-4, 0.0, 2.6063501433073423E-5, 5.0466687731346583E-5, 3.794281834759464E-5, 0.0, 0.0
0.015464002114364623, 0.014891545567309539, 0.0, 0.00639560477271321, 3.184908854246467E-4, 0.009506291382010593, 0.0, 0.0, 0.0, 1.6641387982457628E-4, 0.006232072129246003, 8.378935874444902E-4, 0.0, 0.004055595234778843, 0.0, 0.014572805167573099, 0.01471409030704066, 0.0, 0.42562752819857963, 0.0059095044179168004, 0.00438320974392947, 0.0, 0.004710119116268259, 0.0, 1.456462711481093E-4, 0.004445298881794117, 0.05512502670753873, 0.0, 1.663390303957113E-4, 2.60525452298357E-4, 0.0, 1.7628358113730408E-4, 0.0, 0.012283080682815547, 0.0, 0.0, 0.004892810796189294, 1.354692377610381E-4, 0.0, 0.0, 0.0, 0.0, 1.7932947740297337E-4, 0.0, 0.0, 2.1595945695882394E-4, 0.0, 2.3549081604236133E-4, 0.0, 0.0, 0.0, 0.028899385657865945, 0.002004208067057963, 0.0, 0.0, 0.0, 0.0, 0.0, 0.0, 0.0033203925286701902, 0.003930743513745022, 1.483788045216254E-4, 1.9967816228364936E-4, 0.0, 0.0, 0.0, 0.0012581206860178924, 0.002124416805825326, 0.0, 0.0017257199757493532, 0.0, 0.0, 0.004398243906090437, 0.0, 0.0, 2.030439834627484E-4, 0.0, 2.2784470186771629E-4, 3.7107299302398863E-4, 6.703359947765095E-4, 0.0, 3.740525160534547E-4, 0.0, 2.040739111903696E-4, 9.370004911967317E-4, 5.793293324435224E-4, 0.0, 3.1489426025231674E-4, 1.5503085599671696E-4, 0.0, 7.284573372540094E-4, 4.4085858322394844E-4, 7.882808090858451E-4, 8.084109889478103E-4, 1.548591256595159E-4, 0.0033792453582814084, 0.0, 0.0, 1.3419684125866687E-4, 1.0993528572642979E-4, 0.03013050441983434, 0.007930656098888385, 0.0, 8.874515562667526E-4, 1.3738894187587355E-4, 0.0, 0.0, 0.0, 0.0, 0.0, 0.0, 0.0, 0.0, 0.0, 0.0, 0.0, 0.0, 0.0, 0.0, 0.0, 7.686237965421187E-4, 0.0, 0.0, 0.0, 1.5007613208499666E-4, 0.0017023103260512976, 0.0, 0.0, 0.0, 0.0, 1.7576514427019912E-4, 0.0, 0.0, 0.0, 0.0, 0.0, 0.03658895525642709, 2.3660214679211816E-4, 0.0, 0.0, 0.0, 0.003931551990711103, 1.7636770515747817E-4, 0.0, 0.0, 0.0, 0.0, 2.1961763107528276E-4, 0.0, 0.0, 0.0, 0.0, 0.0, 0.0, 0.0014187155853591586, 0.0, 0.0, 0.0, 0.0, 0.0, 0.05575545323317121, 7.296545340581203E-4, 0.0, 0.0, 0.0, 0.0, 0.0, 0.0, 0.0, 0.0, 0.0, 0.0, 0.0, 0.0, 0.0, 0.0, 0.0, 0.0, 0.0, 0.0, 0.0, 0.0, 0.0
0.00607795234631897, 0.0, 0.00639560477271321, 0.0, 0.0, 0.009303495701412893, 0.0, 0.0, 0.0, 0.0, 0.0, 0.0, 0.0, 0.0, 0.0, 0.0, 0.0, 0.0, 0.23120471766430073, 0.005783438224249057, 0.004289703668057993, 0.0, 0.0, 0.007391402457187976, 0.0, 0.0035532105114410026, 0.004771101376361081, 0.0, 0.0, 0.0, 0.0, 0.005218819576573888, 0.0, 0.0, 0.0, 0.0, 0.0, 0.0, 0.0, 0.005857741648549209, 0.0, 0.0, 0.0, 0.0, 0.0, 0.0, 0.0, 0.0, 0.03669825252463185, 0.0, 0.0, 0.0, 0.0, 0.004323540028105702, 0.12946075892094075, 0.0, 0.0, 0.0, 0.0, 0.0, 0.0, 0.004392707504523362, 0.0, 0.0, 0.0, 0.0, 0.0, 0.0, 0.0, 0.0, 0.0, 0.0, 0.0, 0.0, 0.014824041716348255, 0.0, 0.0, 0.0, 0.0, 0.0, 0.0, 0.0, 0.0, 0.0, 0.0, 0.0, 0.0, 0.0, 0.0, 0.0, 0.0, 0.0, 0.0, 0.0, 0.0, 0.0, 0.0, 0.0, 0.0, 0.0, 0.0, 0.0, 0.0, 0.05872442061032225, 0.0, 0.0, 0.0, 0.0, 0.0, 0.0, 0.0, 0.0, 0.0, 0.0, 0.0, 0.0, 0.0, 0.0, 0.006866674743586972, 0.0, 0.0, 0.0, 0.0, 0.0, 0.07108730158973871, 0.0, 0.028094296702722246, 0.0, 0.0, 0.0, 0.0, 0.0, 0.0, 0.012039679339268264, 0.0, 0.0, 0.0, 0.0, 0.0, 0.0, 0.0, 0.0, 0.0, 0.0, 0.0, 0.0, 0.0, 0.0, 0.0, 0.0, 0.0, 0.0, 0.0, 0.0, 0.0, 0.0, 0.0, 0.0, 0.0, 0.0, 0.0, 0.0, 0.0, 0.0, 0.0, 0.0, 0.0, 0.0, 0.0, 0.0, 0.0, 0.0, 0.0, 0.0, 0.0, 0.0, 0.0, 0.0, 0.0, 0.0, 0.0, 0.0, 0.0
0.0038150162254992136, 1.6949616908094441E-4, 3.184908854246467E-4, 0.0, 0.0, 0.0, 0.004958464650207583, 0.0, 0.004174884510019063, 1.9384754701176374E-4, 0.0, 1.5339310449377408E-4, 0.0, 0.0024913155693890962, 0.0, 2.164095078295499E-4, 2.1850762463988374E-4, 0.0, 0.003697397379456198, 0.0, 0.0, 0.0, 0.0, 0.0, 1.6965635572725634E-4, 0.03439621890180585, 0.003232323698076877, 0.0, 0.012480383444365271, 3.034736039770434E-4, 0.0, 2.0534428869718003E-4, 0.0, 4.5785508999539353E-4, 0.007647381125385153, 0.0, 0.0023748025968939107, 0.07653378455966652, 0.0, 0.0, 0.0, 0.0, 0.008462269994491362, 0.007639344242525107, 0.0, 0.006264174824920725, 0.0, 2.7431195692168865E-4, 0.0017471938826666821, 0.0, 0.0, 0.0, 0.0, 0.0, 0.0, 0.0, 0.0, 0.0, 0.0, 0.0, 0.0, 1.7283935279542307E-4, 2.325955142161524E-4, 0.003275753061695491, 0.0, 0.0, 0.003133430634096403, 3.8891679560190294E-4, 0.0, 0.0, 0.0, 0.0, 0.002799045804887977, 0.0, 0.0, 2.365161978750898E-4, 0.0, 0.020818396849819787, 0.0058804548853792155, 7.80842249445149E-4, 0.0, 4.3571583552390856E-4, 0.0, 2.3771591128727171E-4, 0.0, 6.748329533841835E-4, 0.0, 3.66805220708404E-4, 1.805880085109306E-4, 0.0, 8.485450136627168E-4, 5.135350189967935E-4, 0.0, 0.006937677281238512, 1.8038796807771058E-4, 0.01992762425964911, 0.01963077262177909, 0.005953636407045434, 1.5631946399027392E-4, 0.015623117674136136, 1.624052520451018E-4, 0.0, 0.0, 1.624656774361659E-4, 1.600377888987042E-4, 0.0, 0.0, 0.001603782863785189, 0.0, 0.0, 0.0, 0.0, 0.0, 7.131804343358727E-4, 0.0, 0.0, 9.347853947363581E-4, 0.0, 0.0, 0.0, 0.0, 0.0, 0.0, 8.003773632417629E-4, 1.7481648826622522E-4, 0.0, 0.0, 0.0, 0.003310040316502855, 0.0, 2.047403864561248E-4, 0.0, 0.0, 0.0, 0.0, 0.0, 0.0, 0.021618573296022552, 0.03205930658843062, 0.0, 0.0, 0.0, 0.001027211403667488, 0.0, 0.005862981935213543, 0.0, 0.0, 2.558220450683279E-4, 0.0, 0.0, 9.174449776155002E-4, 0.0, 0.0, 0.0, 0.0, 0.0, 0.0, 0.0, 0.0, 0.0, 0.011021880587964064, 0.0019976233535955765, 0.0, 0.0, 0.0016842218213944584, 0.0, 0.0, 0.0, 0.0, 0.0, 0.0, 0.0, 0.0, 0.0, 0.0, 0.0, 0.0, 0.0, 4.979915758873692E-4, 0.0, 0.0, 0.0, 0.0
0.009207338436302096, 0.004009024339680687, 0.009506291382010593, 0.009303495701412893, 0.0, 0.0, 5.281529625709503E-4, 0.02703281701612929, 0.0, 0.033876352454011105, 0.005107082470050404, 0.0, 0.0, 0.0, 0.0, 4.271096474193108E-4, 4.3125052801228374E-4, 0.0, 0.05324876008186507, 0.4729025492051132, 0.02757861383226321, 0.0, 4.530491958468124E-4, 0.0, 0.0, 0.009365353170464403, 0.00722762249241199, 4.709782209511365E-4, 4.932848327796265E-4, 0.029521761203599915, 0.0, 0.0, 0.0, 0.06918424351547821, 1.8309008236769023E-4, 8.958345356675621E-5, 0.053416528643770306, 0.0, 0.0, 4.5488708096186374E-4, 0.003491657735413389, 0.0, 0.004940845261298251, 0.0023850081578201195, 2.992697661464473E-4, 0.024471710774332366, 0.008998050756429066, 0.022504220357948457, 0.0, 0.0, 0.0, 0.0, 0.0, 0.0, 0.0, 0.0, 0.0, 4.862954100352938E-4, 0.03487810337494914, 7.563054143292182E-5, 0.0, 0.017154845060632654, 0.005368388949800522, 7.842657349601294E-5, 3.3608842349351447E-4, 0.0, 1.317988718414145E-4, 2.2255077866571008E-4, 3.177356467699012E-4, 0.0, 0.0055766640342231714, 0.0, 0.0, 0.0, 0.0, 0.0, 0.0, 0.006125652228508118, 0.0, 4.4682320895953674E-4, 1.01268605083782E-4, 0.021442440550187073, 0.04184118537275006, 0.0, 1.1646216266143593E-4, 0.0, 1.9527002027284527E-4, 4.669155583698568E-4, 0.002687323130695317, 3.1477294192930956E-4, 0.0, 0.0, 3.3792211152992044E-4, 0.002266426731753976, 2.0644766804420986E-4, 9.424158352556442E-5, 0.04367498716370839, 1.2210439819437328E-4, 0.0036973610630902584, 1.4655825594609193E-4, 0.0, 0.0, 8.148137335837112E-4, 9.296811921920992E-5, 9.157880281365477E-5, 0.0, 0.0, 0.0032118365764589843, 0.004377168065317729, 4.6469347131278455E-4, 0.0, 0.0, 0.0, 3.5188639227378793E-4, 0.0, 0.0, 4.612272634909277E-4, 0.0, 0.0, 9.050257000420182E-5, 0.044943532284952015, 0.008956254013587711, 5.411393834371665E-4, 3.949097440832366E-4, 4.450565783848013E-4, 0.0, 0.0, 0.001131156427441196, 0.0, 0.0, 0.0, 0.0, 2.24960010059704E-4, 2.710801298019067E-4, 0.0, 0.0, 0.0, 0.0186668439687141, 0.009708367369388887, 1.2832931394912584E-4, 0.0, 0.0018674649918647057, 1.1756072266650028E-4, 0.0, 0.0, 0.029353417111777372, 0.0, 2.927793089609225E-4, 0.0017721476761787386, 2.9054892264532544E-4, 0.0, 0.0, 0.0, 1.0777542437324308E-4, 0.007112308585947276, 0.0, 1.3311819324645456E-4, 1.6471780033880281E-4, 0.0, 2.0942163903482205E-4, 0.08110579654613002, 0.0, 0.0022508808544625713, 0.0, 0.001648233143055128, 0.0, 1.3326999831271297E-4, 2.1285565108724168E-4, 0.0, 0.0, 0.0, 0.0, 0.0, 1.0866208775457887E-4, 0.0, 1.2246830295372147E-4, 0.0012946872348575168, 0.0, 7.124172460280073E-5, 6.137152005447271E-4, 1.037125354133464E-4, 0.0, 0.0
0.02137612807423084, 4.3430781269220314E-5, 0.0, 0.0, 0.004958464650207583, 5.281529625709503E-4, 0.0, 2.761665533242906E-4, 0.00731794508269655, 5.74314538717214E-4, 7.318429295625645E-4, 0.0, 0.0, 0.004366901761402988, 0.0, 1.9125144140905007E-4, 1.9310564766941894E-4, 0.0, 7.516405051493772E-5, 3.283217545335493E-4, 2.435234855315974E-4, 0.0, 2.0286666962090346E-4, 0.0, 0.0, 0.0, 0.010559504487774247, 2.1089494038223957E-4, 0.01644516420733878, 7.776043427279283E-5, 0.0, 0.0, 0.0, 0.0, 0.0052242785816887264, 4.638150990682845E-4, 0.004377456056279421, 4.2708658274771523E-4, 0.0, 2.0368963903758986E-4, 0.0015634968182989299, 0.0, 5.3525434531435004E-5, 0.0, 1.3400721452088088E-4, 0.0034266500359031427, 5.557452606945132E-4, 3.127108190298267E-4, 5.495696523319119E-4, 0.0, 0.0, 0.0, 0.0011782023796418142, 0.0, 0.0, 0.0, 0.0, 2.1775368147689835E-4, 0.0, 0.002953935329250095, 0.0, 6.648197101395833E-4, 0.0, 0.001866885072804839, 1.5049389734558293E-4, 0.0, 0.0057710934383434645, 0.0011522486278968964, 1.422758788029027E-4, 0.0, 6.539376153789838E-4, 0.0, 0.0, 0.0, 0.0, 0.0, 0.0, 0.0, 0.01909978572014691, 2.0007879308011362E-4, 4.534612319993569E-5, 1.6746820223828215E-4, 3.1393262987019957E-4, 0.0, 0.07349603500380986, 0.0, 8.743813928532578E-5, 2.090757586350627E-4, 2.058671619062532E-4, 1.4094923686293166E-4, 0.0, 0.0, 1.5131498739160776E-4, 4.499275389850982E-5, 9.244327382338371E-5, 4.219955882251672E-5, 4.157093355386279E-5, 0.0029066025474705002, 4.6312962035391754E-4, 4.122130180562822E-4, 0.0, 0.0, 3.6485783444452526E-4, 4.162932613017444E-5, 9.072846785135486E-4, 4.539411822506698E-4, 0.0, 0.002843793474023162, 0.0, 2.080807510177699E-4, 0.0, 0.0, 0.0, 1.5756792229167893E-4, 0.0, 0.0, 2.0652865017865528E-4, 0.0, 0.0, 4.0525300866206754E-5, 4.277836619139577E-5, 0.0, 2.4231175228865478E-4, 1.7683294732101919E-4, 1.99287730068784E-4, 0.0, 0.0, 5.065099758677546E-4, 0.0, 0.0, 0.0, 0.0, 1.007327426183714E-4, 1.2138444044807358E-4, 0.0, 0.0, 0.0, 7.061991648846748E-5, 0.0, 5.746338537679954E-5, 0.0, 0.0, 5.26414184247743E-5, 0.0, 0.00327851874760538, 0.0, 0.0, 1.3110091329440285E-4, 0.009325005391607874, 0.0033826569251701006, 0.0, 0.0, 0.0, 4.8259751060174414E-5, 8.340122496157721E-4, 0.008370904676255984, 0.08400719312526564, 7.37574459646819E-5, 0.0, 9.377496052748872E-5, 0.0040352897122426365, 0.0, 0.0, 0.0, 0.0, 0.002917082991378947, 5.967572830043183E-5, 9.531264472359526E-5, 0.0, 0.01854435411268203, 0.0, 0.0, 0.0, 4.8656781777578495E-5, 0.0, 5.483893798311911E-5, 5.797359093537587E-4, 0.0, 3.190066672826973E-5, 2.748097998441898E-4, 4.644046794503019E-5, 0.0, 0.0
0.015395910623228936, 2.736861311937138E-4, 0.0, 0.0, 0.0, 0.02703281701612929, 2.761665533242906E-4, 0.0, 0.0018610101069864318, 3.130063969629016E-4, 2.1036356941611016E-4, 0.0, 0.0, 2.6001124945907524E-4, 0.0, 5.080161405206273E-4, 2.2549711992656625E-4, 0.0, 8.777204145861734E-5, 0.19885107362572924, 0.011086595710591805, 0.0, 2.3689545220821872E-4, 0.0, 0.0, 0.0, 7.109152225595021E-5, 2.462703822349734E-4, 7.677134178465382E-4, 0.015436670088858422, 0.0, 0.0, 0.0, 0.026327340920394127, 0.30534135841660526, 2.5278324546793083E-4, 0.001713892241684825, 0.0, 3.1467156682186726E-4, 2.3785646622044546E-4, 0.0018257572152644613, 0.0, 6.250377177118679E-5, 0.0012470998541582845, 1.5648553674396575E-4, 0.0014886899696837461, 0.0552186894089585, 0.002134455375283785, 0.0, 0.0, 0.0, 0.0, 0.0, 0.0, 0.0, 0.0, 0.0, 0.0016386907949127946, 0.0, 2.1341143881737325E-4, 0.0, 2.3008421452279365E-4, 0.0, 4.1008567642974235E-5, 1.7573768984762586E-4, 0.0, 3.7190513701570635E-4, 1.1636985085639795E-4, 1.6614118381456605E-4, 0.0, 0.0, 0.0, 2.7065515207538545E-4, 0.0, 0.0, 0.0, 0.0, 0.0, 5.686135641279557E-4, 0.0012608290528453333, 5.295246568306395E-5, 1.9555925857052376E-4, 3.6659157689624365E-4, 0.0, 6.089704372448916E-5, 0.0, 1.0210498148833474E-4, 0.002546341248416221, 0.0014051777028005784, 1.645920114301861E-4, 0.0, 0.0, 1.766965092442286E-4, 0.0011850946661810103, 3.4524799964536434E-4, 4.927809772264995E-5, 4.854402707632068E-5, 6.38473192139802E-5, 0.0013363423895497183, 7.663402702283284E-5, 2.1364226535098166E-4, 0.0, 4.260589570675394E-4, 4.861221440249308E-5, 2.584136474940946E-4, 0.0, 0.0, 0.002394348653814912, 0.0, 2.4298414175327477E-4, 0.0, 0.0, 0.0, 1.8399830920747047E-4, 0.0, 0.0, 2.4117169207466614E-4, 0.0, 0.0, 2.5537677392402337E-4, 4.995399403251831E-5, 1.7543525604038948E-4, 2.829570389313079E-4, 2.0649484264323185E-4, 2.327161826159808E-4, 0.0, 0.0, 5.914717780175058E-4, 0.0, 0.0, 0.0, 0.0, 6.347837594920875E-4, 7.649237918934495E-4, 0.04471525147793445, 0.0, 0.00111323256803422, 8.246567601619623E-5, 0.0017681030022135185, 6.710227308256358E-5, 0.0, 9.764810704583872E-4, 6.147147111904872E-5, 0.0, 0.0, 0.0, 0.0, 4.896227296433518E-4, 9.266404818209986E-4, 1.5192548414090604E-4, 0.0, 0.0, 0.0, 5.6354824438238174E-5, 0.0017313940728909088, 4.440222803986818E-4, 6.960633607861589E-5, 8.612949356430983E-5, 0.0, 1.0950473885868078E-4, 0.0, 8.904670876695755E-4, 0.0011769658632503769, 0.0, 8.618466589236423E-4, 0.0, 6.968571361674742E-5, 1.1130035365174066E-4, 0.0, 0.052979857483054706, 0.011641631473722717, 0.0, 0.0, 5.681845294614316E-5, 0.0, 6.403760182195478E-5, 0.01338917193371553, 0.0, 3.725167315290932E-5, 3.209062973577369E-4, 5.423037542420231E-5, 0.0, 0.0
0.0034060371074517474, 0.0, 0.0, 0.0, 0.004174884510019063, 0.0, 0.00731794508269655, 0.0018610101069864318, 0.0, 0.0, 0.0, 0.0, 0.0, 0.0022242404158061397, 0.0, 0.0, 0.0, 0.0, 0.0033010272908537215, 0.031112853737966597, 0.0, 0.0, 0.0, 0.0, 0.0, 0.0, 0.00267368801289498, 0.0, 0.0, 0.0, 0.0, 0.0, 0.0, 0.003517255093471334, 9.601260565425074E-4, 4.6977644497300656E-4, 0.008766305584271283, 0.01185718595049597, 0.0, 0.0, 0.0, 0.0, 6.268423093141011E-4, 0.0, 3.527490612527608E-4, 0.0019324969229686294, 0.0, 0.0, 0.002169222591974387, 4.005482577016252E-4, 0.0, 4.6960464730665515E-4, 0.0, 0.0, 0.0, 0.0, 0.0, 0.001892835825203318, 0.0, 0.005455373151058088, 0.0, 0.0, 0.0, 0.0, 0.0, 0.0, 0.010716477892942201, 0.0, 0.0, 0.0, 0.0, 0.13972020177532796, 0.0023152926238561924, 0.0, 0.0, 0.0, 0.0, 0.0, 0.004864148274123191, 0.0, 0.0, 0.0, 0.0, 0.0, 0.0, 0.0, 0.0, 0.0028178075531747194, 0.0, 0.0, 0.0, 0.0, 0.0, 0.0, 0.0, 0.0, 0.0, 7.620296421088392E-4, 0.0012008503191130438, 0.0, 0.0, 0.0, 0.0, 0.0, 0.011544971392540855, 0.0, 0.0, 0.007279452765304127, 0.0, 0.0, 0.0, 0.0, 0.0, 6.3672573852256E-4, 0.0, 0.0, 8.345741023838854E-4, 0.0, 0.0, 4.7459629992733355E-4, 0.0, 0.0, 0.0, 7.1457494228851E-4, 0.001049175747026714, 0.001109550827114669, 0.0, 0.04134566127132331, 0.0029551958573111373, 0.0, 0.0012287665198920722, 0.0, 0.0, 0.0, 0.0, 6.355417849453836E-4, 0.015815226683687497, 0.0, 8.22600550943545E-4, 0.0, 0.0, 4.543026427416303E-4, 7.336734527531367E-4, 6.004532681975729E-4, 0.0, 0.0, 0.0, 0.027636072445128536, 4.1200159942371314E-4, 0.06361427367081855, 0.045556338878084, 0.0, 0.0, 0.0, 0.06154845008153881, 0.0, 0.0, 0.0, 0.015163097544305872, 0.0, 0.0033975977851078924, 0.0030009641051152083, 0.0016092062596833236, 0.0, 0.0015036691017215379, 0.004657390525818718, 0.0, 0.0, 0.0, 0.012895825257848503, 0.01289734723104191, 0.0, 0.0, 0.0, 0.0, 0.0, 0.017380740174194848, 0.0, 4.446056547108915E-4, 0.0, 0.0, 0.0, 0.0
0.00934278424957426, 0.002958926837162849, 1.6641387982457628E-4, 0.0, 1.9384754701176374E-4, 0.033876352454011105, 5.74314538717214E-4, 3.130063969629016E-4, 0.0, 0.0, 0.003289494590617854, 8.014904923608902E-5, 0.0, 0.05019342819188063, 0.057774414226492064, 3.40874083016919E-4, 1.1417187508864666E-4, 0.0, 0.03716223964792428, 0.002850224412831429, 5.114625740418892E-5, 0.0013902062537980112, 0.0, 0.0, 0.0011041499759465213, 0.0017087468446165485, 1.8103021537738714E-4, 7.450589937302049E-4, 0.0010455548780314908, 2.3122668640760595E-4, 0.0, 9.187043029269979E-4, 0.04978600843334626, 0.029668342891623786, 0.001222554474079705, 0.009884888611957349, 8.316785017363371E-4, 0.0054083159567773625, 0.002628801207266827, 9.107485413400552E-4, 0.0, 0.0, 0.003654053192099614, 0.0, 2.8144995842768633E-5, 1.9167259548133518E-4, 6.619449773706884E-4, 2.0900745241021393E-4, 5.135185838783757E-4, 0.0, 0.0, 0.0, 0.0037066269557137, 0.0053777144985530075, 0.0, 0.0, 0.0, 0.0, 0.0, 0.023330525858086093, 0.0, 0.0012517601213712197, 0.0037599383839418826, 4.607156082091953E-4, 4.437749918849015E-4, 0.0, 0.00828134727302247, 0.002816664882112632, 0.005159898672907782, 0.0, 0.0029443544239345855, 0.0, 3.240759772790434E-4, 0.0, 0.0, 1.2358148986672704E-4, 0.0, 0.002701690985428258, 6.808442221619396E-4, 0.001416885449519771, 4.237147533747322E-5, 3.841472984349673E-4, 2.93339049636599E-4, 1.2420834913565897E-4, 4.87285634958164E-5, 3.526052868244777E-4, 0.009670376054397316, 4.286243613343319E-4, 1.3759604217864616E-4, 0.0, 4.433711430741094E-4, 0.0022975405581004155, 6.765680606089323E-4, 4.204128661165051E-5, 3.705144257586429E-4, 3.943132157112503E-5, 0.005104140793531224, 5.108931334059092E-5, 0.0023530933406962712, 4.520838150017099E-4, 2.5581011630786815E-4, 0.0, 0.0, 1.237880321590452E-4, 0.001099849003870368, 0.005799842911100767, 0.0, 3.0464428675690307E-5, 0.0029666092430845935, 0.0, 0.0, 0.0, 7.69554968226898E-4, 0.0, 0.0, 0.0, 0.001398824122662634, 0.0, 0.0019111630077354768, 0.022980362893281668, 0.010595120637370335, 9.386334184739728E-4, 0.0, 0.0011976943256066313, 1.33198527916356E-4, 0.0, 0.0, 0.0, 0.0, 0.0, 1.0697838973168366E-4, 0.0, 0.004414487930667959, 0.002483978662522401, 2.1318021041038295E-4, 0.0, 0.0, 2.099938025902143E-4, 0.0026472474453713736, 0.0016400268721966317, 0.0, 0.0, 7.979536546877659E-4, 0.0, 0.0, 0.0, 0.0, 0.016699396734739542, 0.004373084770369194, 0.0, 0.0, 0.0, 0.0, 4.5093972925157956E-5, 0.014458518288155529, 0.001208899771198315, 5.569756033910697E-5, 6.891905155525985E-5, 0.0, 8.762344268646649E-5, 0.0, 0.0, 9.417839075945299E-4, 0.0, 4.171847860030313E-4, 0.0, 5.576107661461754E-5, 8.906025675996247E-5, 0.0, 8.835229326567989E-4, 0.001767254413148634, 0.0, 0.0, 4.546495893374204E-5, 0.0, 5.12415735748773E-5, 5.417059729036602E-4, 9.292812074907728E-4, 2.9808023666458665E-5, 5.7717196061571875E-5, 0.005772762381047573, 7.729508381730465E-4, 0.0
0.006727450214331759, 0.0017212228463420074, 0.006232072129246003, 0.0, 0.0, 0.005107082470050404, 7.318429295625645E-4, 2.1036356941611016E-4, 0.0, 0.003289494590617854, 0.0, 4.5199366095304596E-4, 0.0, 0.0, 0.0, 1.8792041265323082E-4, 0.05829832910427023, 0.0, 8.643684919878523E-4, 0.003174773968799295, 1.854984574939598E-4, 0.015441225943917346, 1.9933333828951128E-4, 0.0, 0.0, 0.0023182472806888956, 0.035541052039138724, 2.0722178055821754E-4, 6.835273920890394E-4, 0.0, 0.0, 8.532501468213381E-4, 0.008376509956429447, 0.007609949616618316, 8.508756947154616E-4, 0.007213411526013358, 0.003295143787006354, 4.196480103747391E-4, 9.939490925779124E-4, 0.010964809319829877, 0.0015362653745878909, 0.0, 0.002989281064494252, 0.0, 1.0207693739444365E-4, 0.0, 5.460658385126729E-4, 2.3820032981656367E-4, 5.39997790798446E-4, 0.0, 0.0, 0.0, 0.0024404313248149274, 0.0, 0.0, 0.0, 0.0, 2.1396106287313222E-4, 0.0, 3.894496313318125E-4, 0.002515786753080971, 0.012818870726878864, 0.0023619926939724436, 0.0, 1.1463529178272122E-4, 0.0, 0.001291190868097233, 0.03723038220742956, 8.087524521523616E-4, 0.0011045094749468976, 0.0030961778875540705, 0.01403875132334794, 0.0, 0.0, 0.003490062540567736, 0.0, 0.0, 0.0026951746501322005, 0.0, 0.0, 0.0, 0.009269729230447811, 0.0, 0.0, 5.997067514428552E-4, 0.0, 0.0, 1.5925868768477123E-4, 1.5681461235209822E-4, 1.3849432223514058E-4, 0.0, 0.0021338496100229256, 0.016083929988005823, 5.174058419045237E-4, 0.0, 0.010949237639803273, 0.0, 0.0, 0.002003120703120686, 0.005789359412427687, 0.0, 0.0, 3.5850310096190933E-4, 4.787272320091143E-4, 0.00779967517750277, 0.001142964387638921, 0.0, 0.0, 0.0019258736815174582, 2.044566059652356E-4, 0.0, 0.0, 0.0, 1.548235598111594E-4, 0.017353963115807503, 0.0, 2.0293153808591954E-4, 0.0, 0.012618765698684385, 0.0, 4.919409161858888E-4, 0.0, 2.3809140545728044E-4, 1.7375304565772794E-4, 1.5180288030345018E-4, 0.0010895266386466672, 0.0, 4.976880852597973E-4, 0.0, 0.0, 0.0, 0.0, 0.0016335282403017394, 0.001968425620618317, 0.0, 0.0, 0.0, 0.011726897919286673, 0.002783750806837291, 0.010474022630636532, 0.0, 0.0025163042011501027, 0.0, 0.0, 0.0, 0.0, 0.0, 0.0, 0.0, 1.2783619796313825E-4, 0.0, 0.0, 0.0, 0.0, 0.004856789605282428, 8.976176340690736E-4, 0.0, 0.0, 0.0, 0.0, 0.0, 4.6699948869468824E-4, 9.903462999715392E-4, 0.0, 0.0, 0.0, 0.0, 0.0, 0.0, 0.03571387905405226, 0.0, 0.0075958825401245085, 0.0, 0.0, 0.0, 0.0, 0.0, 0.0, 0.0, 0.010466504670800377, 0.0, 0.0, 0.0
0.010362300758946306, 0.04414387075004036, 8.378935874444902E-4, 0.0, 1.5339310449377408E-4, 0.0, 0.0, 0.0, 0.0, 8.014904923608902E-5, 4.5199366095304596E-4, 0.0, 0.0, 0.0, 0.0, 8.947761560859884E-5, 9.034511210327621E-5, 0.042355081943044166, 6.504420904902531E-4, 0.0, 0.0, 0.007436549296401762, 0.0, 0.0, 7.01468541542809E-5, 0.017878520263681242, 9.823632336691347E-5, 0.0, 8.011299989593952E-5, 1.2547551517653907E-4, 0.0, 0.006659755395846381, 0.0, 1.8930675531740317E-4, 0.0, 0.0, 0.0, 6.524534262845427E-5, 0.0, 0.0, 0.0, 0.06962845793198862, 8.636952115415065E-5, 0.0, 0.0, 1.0401142721411157E-4, 0.0, 1.1341821385044471E-4, 0.0, 0.0, 0.0, 0.0, 9.652762811330871E-4, 0.008510856440852107, 0.0, 0.0, 0.0, 0.0, 0.0, 0.004524892880348325, 0.0, 0.011139638403813403, 9.616995215251563E-5, 0.0, 0.0, 0.0, 0.0028820753023606365, 0.024323758123704246, 0.0, 8.311495137895986E-4, 0.0, 0.0, 8.506820309221337E-5, 0.0, 0.0, 9.779101505717149E-5, 0.0, 0.01601056764980302, 0.004450297614535543, 3.2285042994430993E-4, 0.0017488832078748405, 1.8015296294788885E-4, 0.0, 9.828705377844727E-5, 4.5128266093148083E-4, 2.790193656855611E-4, 0.0, 1.5166088066530072E-4, 7.46667028224581E-5, 0.0, 3.508431090694364E-4, 2.1232842074360702E-4, 3.796555758803658E-4, 3.8935076944588294E-4, 7.458399323557648E-5, 0.0, 0.0, 0.0, 6.463252493545966E-5, 5.2947558447404706E-5, 6.714878131304076E-5, 0.0, 0.0, 4.274186657558081E-4, 0.008072730204826562, 0.0, 0.0, 0.0, 0.0, 0.0, 0.0, 0.02021587477547609, 0.007892056309565132, 0.0, 0.0, 0.0, 0.0, 0.0, 0.0, 0.0, 0.033573448338377464, 0.0, 0.0, 0.0, 7.228038497943735E-5, 8.198748462665117E-4, 0.0, 0.0, 0.0, 0.0, 8.465284997231358E-5, 0.0, 0.0, 0.0, 0.0, 0.0, 0.0, 1.1395345828482563E-4, 0.0, 0.0, 0.0, 0.0, 8.494305823062219E-5, 0.0, 0.0, 0.0, 0.0, 1.0577329453962143E-4, 0.00439608879716344, 0.0, 0.0, 0.0, 0.0, 0.0, 6.832885900071743E-4, 0.0, 0.0, 0.0, 0.0, 0.0, 0.0, 3.5141970872385906E-4, 0.0, 0.0, 0.0, 0.0, 0.0, 0.0, 0.0, 0.0, 0.0, 0.0, 0.0, 0.00950011934621792, 0.0, 0.0, 0.0, 0.0, 0.0, 0.0, 0.0058031292244689996, 0.0, 0.0
0.0, 0.0, 0.0, 0.0, 0.0, 0.0, 0.0, 0.0, 0.0, 0.0, 0.0, 0.0, 0.0, 0.0, 0.0, 0.0, 0.0, 0.0, 0.0, 0.0, 0.0, 0.0, 0.04323429411476239, 0.0, 0.0, 0.0, 0.0, 0.0, 0.0, 0.0, 0.0, 0.0, 0.0, 0.0, 0.0, 0.0, 0.0, 0.0, 0.0, 0.0, 0.0, 0.0, 0.0, 0.0, 0.0, 0.0, 0.0, 0.0, 0.0, 0.0, 0.0, 0.0, 0.0, 0.0, 0.0, 0.0, 0.0, 0.0, 0.0, 0.0, 0.0, 0.0, 0.0, 0.0, 0.0, 0.0, 0.0, 0.0, 0.0, 0.0, 0.0, 0.0, 0.03875031584759629, 0.0, 0.0, 0.0, 0.0, 0.0, 0.0, 0.0, 0.0, 0.0, 0.0, 0.0, 0.0, 0.0, 0.0, 0.0, 0.0, 0.0, 0.0, 0.0, 0.0, 0.0, 0.0, 0.0, 0.0, 0.0, 0.0, 0.0, 0.0, 0.0, 0.0, 0.03059903134243578, 0.0, 0.0, 0.0, 0.0, 0.0, 0.0, 0.0, 0.0, 0.0, 0.0, 0.0, 0.0, 0.0, 0.0, 0.0, 0.0, 0.0, 0.0, 0.0, 0.0, 0.0, 0.0, 0.026024630719883205, 0.0, 0.0, 0.0, 0.0, 0.0, 0.0, 0.0, 0.0, 0.0, 0.0, 0.0, 0.0, 0.0, 0.0, 0.0, 0.0, 0.0, 0.0, 0.0, 0.0, 0.0, 0.0, 0.0, 0.0, 0.0, 0.0, 0.0, 0.0, 0.0, 0.0, 0.0, 0.0, 0.0, 0.0, 0.0, 0.0, 0.0, 0.0, 0.0, 0.0, 0.0, 0.0, 0.0, 0.0, 0.0, 0.0, 0.0, 0.0, 0.0, 0.0, 0.0, 0.0, 0.0, 0.03034256998462644, 0.0, 0.0
0.0020325144935980023, 0.056972929888596646, 0.004055595234778843, 0.0, 0.0024913155693890962, 0.0, 0.004366901761402988, 2.6001124945907524E-4, 0.0022242404158061397, 0.05019342819188063, 0.0, 0.0, 0.0, 0.0, 0.0, 2.322713073772822E-4, 0.0, 0.0, 0.005705190012838913, 0.0, 0.0, 0.0, 0.0029230747124086003, 0.0, 0.0, 0.0, 0.011598039556713114, 0.0, 4.1592416376275696E-4, 0.0, 0.0, 0.0, 0.0, 4.914137156410649E-4, 3.4340896437712337E-4, 1.6802527267918653E-4, 0.003866607898270095, 0.0, 2.5673768755322095E-4, 0.0, 0.0, 0.0, 0.008618368365160927, 0.0, 0.0014968821421354507, 0.0648672689985629, 0.008682590431971256, 0.0, 9.308471261301406E-4, 0.0, 0.0, 0.0, 0.0, 0.0, 0.0, 0.0, 0.0, 0.0, 0.0, 0.010345001651775801, 0.0, 0.0, 0.0, 0.0, 0.0, 0.0, 0.0017938849065934962, 0.0, 0.0, 0.0, 0.0, 0.0, 0.004222362550614384, 0.0, 0.0, 0.0, 0.0, 0.0, 0.021563839530453675, 8.380743154634983E-4, 0.0, 0.0, 0.0, 0.0, 0.008396823748305358, 0.0, 0.0, 1.968451594877663E-4, 0.0, 0.0, 0.0, 0.0, 0.0, 0.0, 1.9360955810473004E-4, 0.0020971415817701263, 0.0, 4.547326536017361E-4, 3.355538916352464E-4, 0.0, 1.7430879352659388E-4, 0.004921722725737831, 0.0, 0.0, 1.7176780646139335E-4, 0.0, 0.0, 8.544424774500031E-4, 0.0, 0.0, 0.0, 0.0, 0.0, 3.7995895263813695E-4, 0.0, 0.0, 4.980227477162978E-4, 0.0, 0.0, 1.697491936029388E-4, 0.0, 0.001841330291349783, 0.0, 4.264145930136284E-4, 0.0, 0.0, 0.010021060350532553, 0.0, 0.0017634800273504522, 0.0, 0.0026071205603611968, 0.0, 0.010433933416072403, 5.084455992080361E-4, 0.005375112284335818, 0.0, 0.008174487523655093, 0.0, 0.0034906856178303675, 0.0, 0.0, 0.0, 4.378114152151719E-4, 0.0, 0.0, 0.0, 0.0, 2.745725983109367E-4, 0.0, 0.003098865737432525, 4.887843468708161E-4, 0.0, 0.0, 0.0, 0.0, 0.021393079136048432, 0.0, 0.0, 0.0, 0.0, 0.0020274784225163037, 0.0010642676672761881, 0.0, 0.0, 8.972976941848575E-4, 0.0, 0.0, 0.0, 0.0, 0.01856897126955387, 0.0018019544094153598, 0.0, 0.0, 0.0, 0.0, 0.0, 0.0, 0.0, 2.6531344451840157E-4, 0.0, 0.0, 0.0, 0.0
0.0, 0.0010536511302243975, 0.0, 0.0, 0.0, 0.0, 0.0, 0.0, 0.0, 0.057774414226492064, 0.0, 0.0, 0.0, 0.0, 0.0, 0.0, 0.0, 0.0, 0.0, 0.0, 0.0, 0.0014437932338881466, 0.0, 0.0, 0.0010546469099039536, 0.020654632597215027, 0.0, 0.0, 0.0, 0.0, 0.0, 0.0, 0.0, 0.0, 0.0, 0.0045685305788186505, 0.0, 0.004605031500342557, 0.0014869876056788666, 0.0, 0.0, 0.0, 0.0, 0.0, 0.0, 0.02936460316832999, 0.0, 0.03202033594754134, 0.0, 0.0, 0.0, 0.0, 0.0027061531373360286, 0.0, 0.0, 0.0, 0.02584789204207578, 0.0, 0.0, 0.0038569671906144775, 0.0, 0.0, 0.0014459000918300186, 0.0, 0.0, 0.0, 0.02688564248363596, 0.0, 0.0, 0.0, 0.0, 0.0, 0.0, 0.0, 0.04308570154668219, 0.0, 0.0, 0.0, 0.0, 0.0, 0.0, 0.0, 0.0, 0.0, 0.0, 0.0, 0.0, 0.0, 0.0, 0.0, 0.0, 0.0, 0.0, 0.0, 0.02105662255324739, 0.0, 0.042610407374363064, 0.0, 0.0, 0.0, 0.0, 0.0, 0.0, 0.01896456002075061, 0.0, 0.004894589359651944, 0.0, 0.0, 0.0011789286817292738, 0.0, 0.0, 0.0, 0.0, 0.0, 0.0, 0.0, 0.0014527432876828878, 0.0, 0.0, 0.0, 0.0, 8.290232700904744E-4, 0.0, 0.0012438607284731198, 0.0, 0.0, 0.0, 0.0, 0.0, 0.0, 0.0, 0.0, 0.002443823597197652, 0.0, 0.0, 0.0, 0.0, 0.0, 0.0, 0.0, 0.0, 0.0, 0.0, 0.0, 0.0, 0.0, 0.0, 0.0, 0.0, 0.0, 0.0, 0.0, 0.0, 0.0, 0.0, 0.0, 0.0, 0.0, 0.0, 0.0, 0.0, 0.0, 0.0, 0.0, 0.0, 0.0, 0.061167909302506575, 0.0, 0.0, 0.0, 0.0, 0.0, 0.0, 0.0, 0.0, 0.0, 0.0, 0.0, 0.0, 0.028139423317644293, 0.04760170360932176, 0.0, 0.0
0.0, 0.012680887679360035, 0.014572805167573099, 0.0, 2.164095078295499E-4, 4.271096474193108E-4, 1.9125144140905007E-4, 5.080161405206273E-4, 0.0, 3.40874083016919E-4, 1.8792041265323082E-4, 8.947761560859884E-5, 0.0, 2.322713073772822E-4, 0.0, 0.0, 0.010199430514266436, 0.0, 0.013250929103556942, 2.655090452135367E-4, 1.969339138749027E-4, 0.0, 2.1162167602596746E-4, 0.0, 9.896433241518553E-5, 0.0, 1.385934163141025E-4, 2.1999641849736038E-4, 0.011552764754146077, 1.7702291490629668E-4, 0.0, 1.1978189888068387E-4, 0.0, 8.05122047519835E-4, 3.7599574605963465E-4, 1.8396953577631443E-4, 3.9510125245691217E-4, 9.204919955816678E-5, 2.811000538331588E-4, 2.124801618856838E-4, 0.0016309717992018247, 0.0, 1.2185153710871194E-4, 0.0, 1.0836969249787845E-4, 1.467410275470925E-4, 0.0013187181626616927, 4.1289698431536495E-4, 0.0, 0.0, 0.0, 0.008727410858878668, 0.0, 0.0, 0.01997422439748191, 0.0, 0.006174515434280724, 2.271511585470305E-4, 0.0, 1.5531568659113654E-4, 0.0, 2.601594489029987E-4, 1.3567814591145452E-4, 0.0, 0.0038028191880504275, 0.0, 4.0501671460898615E-4, 2.2686383234395981E-4, 1.4841600143878581E-4, 0.0, 0.0, 0.0, 3.6179525520682566E-4, 0.0, 0.0, 1.3796516804660895E-4, 0.0, 1.548168630540888E-4, 7.600878386029646E-4, 0.0013730835899838903, 0.0, 2.5416275506158855E-4, 0.0, 1.3866498761079313E-4, 0.0, 3.936450976867495E-4, 0.0, 5.985663951662707E-4, 2.7182279968556935E-4, 1.4703210633493436E-4, 4.949752129319966E-4, 2.9955641867340007E-4, 1.5784520591528782E-4, 0.0, 3.1720588758362426E-4, 0.0, 0.0, 0.0, 4.585799156432656E-4, 7.469928392279361E-5, 2.855839148929037E-4, 0.0, 3.806038053497945E-4, 9.476984955222607E-5, 2.8142081434536024E-4, 0.0, 0.0, 0.0, 0.0, 2.1706077869474317E-4, 0.0, 0.0, 0.0, 1.6436799532227662E-4, 0.0, 0.0, 2.154416946847945E-4, 0.0, 0.0, 1.858570430959027E-4, 0.0, 1.5671851262336699E-4, 2.5276906864956213E-4, 1.8446443054748976E-4, 0.005137761299648708, 0.0, 0.0, 5.283691511144215E-4, 0.0, 0.0, 1.194296292479084E-4, 0.0, 4.619802761687316E-4, 5.566930460062818E-4, 2.379923043911987E-4, 0.0, 0.0, 1.6076740805448126E-4, 0.0, 0.0, 0.0, 0.0, 1.1983905981883205E-4, 0.0, 0.0, 0.0, 0.0, 4.498540547582335E-4, 0.0, 1.3571693878148522E-4, 0.0, 0.0, 0.0, 0.0, 0.0, 3.966506671822937E-4, 0.0, 0.0, 0.0, 0.010204883005869764, 0.0, 0.0, 0.0, 0.0, 0.0, 0.0, 0.0, 0.0, 0.0, 9.86356371075334E-4, 0.0019729455629164437, 0.0, 0.0, 0.0, 0.0, 0.0, 0.0, 0.0, 0.0, 2.2223470289264104E-4, 0.0, 0.0, 0.0
0.0, 0.007830622641615635, 0.01471409030704066, 0.0, 2.1850762463988374E-4, 4.3125052801228374E-4, 1.9310564766941894E-4, 2.2549711992656625E-4, 0.0, 1.1417187508864666E-4, 0.05829832910427023, 9.034511210327621E-5, 0.0, 0.0, 0.0, 0.010199430514266436, 0.0, 0.0, 0.013379398491910303, 2.680831880811272E-4, 1.988432124051281E-4, 0.0, 2.136733742177623E-4, 0.0, 9.992380379676322E-5, 0.0, 1.3993709654094006E-4, 2.2212931084803332E-4, 2.944775291556324E-4, 1.7873917385122126E-4, 0.0, 1.2094319913100935E-4, 0.0, 2.696664205943388E-4, 0.0, 0.0, 1.7537670046685318E-4, 9.294162787570114E-5, 0.0, 0.029415842897018173, 0.0016467842715067892, 0.0, 0.059670957836831344, 0.0, 1.0942035000290633E-4, 1.4816369986750047E-4, 5.853498028041308E-4, 4.1690007139049724E-4, 0.0, 0.0, 0.0, 0.0, 0.0, 0.0, 0.0, 0.0, 0.0, 2.2935341698296623E-4, 0.0, 0.0, 0.0, 2.62681726776023E-4, 1.369935622329775E-4, 0.0, 1.2288215212688606E-4, 0.0, 1.3565571585815185E-4, 2.2906330511699767E-4, 1.4985491283720046E-4, 0.047490266466163236, 0.0, 0.0, 1.2117918241114421E-4, 0.0, 0.0, 1.3930275732917924E-4, 0.0, 1.5631783159357078E-4, 2.5458272743214045E-4, 4.5989864273175094E-4, 0.0, 2.5662689424985145E-4, 0.0, 0.06790454043912753, 0.0, 3.9746153535182927E-4, 0.0, 3.86755835564444E-4, 2.744581551797535E-4, 1.4845760070001136E-4, 4.99774058534331E-4, 3.0246065501664374E-4, 1.59375534611485E-4, 0.0, 1.0624448375203491E-4, 0.0, 0.0, 0.0, 9.206867247868079E-5, 7.542350267311652E-5, 9.56530657006885E-5, 0.0, 3.842938060807715E-4, 9.568865490626321E-5, 9.425868279105551E-5, 0.0, 0.0, 0.0, 0.0, 2.1916520965626214E-4, 0.0, 0.0, 0.0, 1.6596156326448627E-4, 0.0, 0.0, 2.1753042842758826E-4, 0.0, 0.0, 0.0, 0.0, 0.0, 2.552196958765497E-4, 1.8625283590232832E-4, 2.656865827370099E-4, 0.0, 0.0, 5.334917550569809E-4, 0.0, 0.0, 1.2058751420079288E-4, 0.0, 0.0, 0.0, 0.0, 0.0, 0.0, 1.6232606786003185E-4, 0.0, 0.0, 0.0, 0.0, 1.2100091425148725E-4, 0.0, 0.0, 0.0, 0.0, 1.5067347007847765E-4, 0.0, 1.3703273120465708E-4, 0.0, 0.0, 0.0, 0.0, 0.0, 0.0, 0.0, 0.0, 0.0, 0.0, 0.0, 0.0, 0.0, 0.0, 0.016929231703489086, 0.01672792467502121, 0.0, 0.0, 0.0, 0.0, 0.0, 0.0, 0.0, 0.0, 0.0, 0.0, 0.0, 0.0, 0.0, 2.2438929568597543E-4, 0.0, 0.0, 0.0
0.0, 0.0, 0.0, 0.0, 0.0, 0.0, 0.0, 0.0, 0.0, 0.0, 0.0, 0.042355081943044166, 0.0, 0.0, 0.0, 0.0, 0.0, 0.0, 0.0, 0.0, 0.0, 0.0, 0.0, 0.0, 0.0, 0.0, 0.0, 0.0, 0.0, 0.0, 0.0, 0.0, 0.006039856058005364, 0.0, 0.0, 0.0, 0.0, 0.0, 0.0, 0.0, 0.0, 0.0, 0.0, 0.0, 0.0, 0.0, 0.0, 0.0, 0.0062298192350337765, 0.0, 0.0, 0.0, 0.0, 0.0, 0.0, 0.0, 0.0, 0.0, 0.0, 0.0, 0.0, 0.0, 0.0, 0.0, 0.0, 0.0, 0.0, 0.0, 0.0, 0.0, 0.0, 0.0, 0.0, 0.0, 0.0, 0.0, 0.0, 0.0, 0.0, 0.0, 0.0, 0.0, 0.0, 0.0, 0.0, 0.0, 0.0, 0.0, 0.0, 0.0, 0.0, 0.0, 0.0, 0.0, 0.0, 0.0, 0.0, 0.00654660394529479, 0.0, 0.0, 0.0, 0.0, 0.0, 0.0, 0.0, 0.005145792706638115, 0.0, 0.0, 0.0, 0.0, 0.0, 0.0, 0.0, 0.0, 0.0, 0.0, 0.0, 0.0, 0.0, 0.0, 0.0, 0.004091541403028306, 0.0, 0.0, 0.0, 0.0, 0.0, 0.0, 0.0, 0.0, 0.0, 0.0, 0.0, 0.0, 0.0, 0.0, 0.0, 0.0, 0.0, 0.0, 0.0, 0.0, 0.0, 0.0, 0.0, 0.0, 0.0, 0.0, 0.0, 0.0, 0.0, 0.0, 0.0, 0.0, 0.0, 0.0, 0.0, 0.0, 0.0, 0.0, 0.0, 0.0, 0.0, 0.0, 0.0, 0.0, 0.0, 0.0, 0.0, 0.0, 0.0, 0.0, 0.0, 0.0, 0.0, 0.0, 0.0, 0.0, 0.0, 0.0, 0.0, 0.0, 0.0
