0.0, 0.0, 0.0, 0.0, 2.466280842791845E-4, 0.030595237700109124, 0.004200030266260414, 0.006798442235108619, 0.00370159658394637, 0.016801431248902158, 2.922019078297056E-4, 3.2746655549306604E-4, 0.0014026768415775115, 0.0, 2.7704504024981836E-4, 0.055268065305827764, 0.0019817236383466224, 2.9971265365574037E-4, 0.0, 4.813200389219778E-4, 0.003130342657494863, 0.0, 6.504369907655571E-4, 7.614299180363315E-4, 0.0041989922716822335, 0.006612691193438127, 0.004566066201716578, 0.0036070321512136124, 0.0, 0.0, 0.03225056062536095, 0.0025152539719480805, 0.0, 0.0, 0.0, 0.0, 0.0, 0.0, 0.0, 0.0, 0.0, 0.0026751356951158264, 9.549148664965555E-4, 0.0020261047555875642, 0.0, 0.0, 3.0079993410313087E-4, 0.0, 0.0, 0.0, 0.0, 0.0, 0.0, 0.0, 0.0, 0.0, 0.0, 0.0, 0.0, 3.736664950708001E-4, 0.0, 0.0, 0.0, 0.004234171435841628, 0.0, 6.504369907655571E-4, 2.954121600811083E-4, 0.0, 0.0, 0.0, 0.0, 0.001782404326126836, 0.09963714696795714, 0.0, 0.0, 0.0, 0.0012937857264235862, 0.0013543300318985933, 0.04760778136640352, 0.0, 0.0, 0.0, 0.0, 0.0, 0.0, 0.0, 5.98576858480281E-4, 0.0015174674788369054, 0.0, 0.0, 0.0, 4.3851351873357543E-4, 0.0, 0.0010026081253023964, 3.238247811623942E-4, 0.0, 0.0, 5.582232960009041E-4, 0.010798880253169591, 0.016209432179304147, 0.0, 0.001359613292759197, 0.0, 0.0, 0.0, 0.006230269061061108, 0.00746096828969076, 0.0029936388628531204, 0.0, 0.00199273056218498, 0.0, 0.0, 0.04157749124135174, 0.0, 9.279849604388211E-4, 0.0013884114315420434, 0.0, 0.0, 0.0, 0.0, 0.01440436769885968, 0.003126938507317207, 0.0023675971117165288, 0.0034713482462845014, 7.65069380614308E-4, 0.0010162905211146109, 0.0, 5.005793037697932E-4, 2.432064448553652E-4, 0.0, 2.424188006637258E-4, 6.635581437628598E-4, 0.0012281874109064878, 8.628111938572608E-4
0.0, 0.0, 0.0, 0.05884039551185767, 2.0556582263583968E-4, 0.0, 3.1744814606114925E-4, 0.009371769651124094, 0.0, 8.140577020136069E-4, 2.0661427501654652E-4, 0.042199933360126396, 0.0, 0.0, 0.056272545321525584, 0.0, 0.0, 0.0, 0.0, 0.0, 0.0, 0.0, 0.0010947978588269677, 0.0012816181363421804, 3.1736969199449357E-4, 0.0, 0.016792350939945005, 0.0, 0.0, 0.023204244315159404, 0.047943753767858206, 0.0, 0.0, 0.0, 5.749583508743304E-4, 0.0, 0.0, 0.0, 0.0, 0.0, 0.0, 4.245053383841899E-4, 0.0016072867411369067, 0.0, 0.0, 0.0, 2.50718348169626E-4, 0.0, 0.0, 0.0, 0.0, 0.0, 0.011956554821245184, 0.0, 0.0, 8.586085316304168E-4, 0.032770363149365676, 0.0, 0.0, 6.289452852879663E-4, 0.0, 6.228552765699901E-4, 2.0294419617780278E-4, 0.0, 0.0, 0.0010947978588269677, 2.4622760980846134E-4, 3.890004855805462E-4, 0.0, 0.017552561852873697, 0.0, 0.11031249441066175, 5.09766705168399E-4, 0.0, 0.0, 0.009136818387751506, 2.9258253784720807E-4, 0.0, 0.0, 0.0, 0.0, 5.749583508743304E-4, 0.0, 0.0, 0.0, 0.0, 4.989170016217034E-4, 1.904665947647616E-4, 0.0, 0.0, 0.0, 7.380940324613835E-4, 0.0, 0.018365480099109065, 0.0, 0.007672139920859218, 6.430294910712325E-4, 9.395862748977661E-4, 0.0, 7.578687650955767E-4, 0.0, 2.3296247959893592E-4, 0.0, 0.0, 0.0, 2.4138852436176022E-4, 0.0, 0.0, 0.0, 0.0, 0.0, 0.0, 0.0, 0.0, 0.01470666780448857, 0.0, 0.0, 0.0, 0.0, 0.0, 0.0, 0.0, 5.260726141428777E-4, 0.0, 0.0, 0.015395333168822035, 0.0, 3.867133031597893E-4, 0.0, 8.239958293553505E-4, 0.009206238570214647, 0.0, 6.226075582269184E-4, 0.0
0.0, 0.0, 0.0, 0.008009686463075361, 0.0, 0.0, 0.0, 0.0, 0.0, 0.0, 0.0, 0.0, 0.0, 0.0, 0.0, 0.0, 0.0, 0.0, 0.0, 0.049722396177595496, 0.0, 0.0, 0.0, 0.0, 0.0, 0.0, 0.0, 0.0, 0.0, 0.0, 0.0, 0.0, 0.0, 0.0, 0.0, 0.0, 0.0, 0.0, 0.0, 0.0, 0.0, 0.0, 0.0, 0.0, 0.0, 0.0, 0.0, 0.0, 0.00625435647859324, 0.0, 0.0, 0.0, 0.0, 0.0, 0.0, 0.0, 0.0, 0.0, 0.0, 0.008357565690634039, 0.005160748484261096, 0.0, 0.0, 0.0, 0.0, 0.0, 0.00660729973454581, 0.0, 0.0, 0.0, 0.0, 0.0, 0.0, 0.0, 0.0, 0.005381145143118241, 0.0, 0.0, 0.0, 0.0, 0.0, 0.0, 0.0, 0.0, 0.0, 0.0, 0.0, 0.0, 0.0, 0.0, 0.0, 0.0, 0.0, 0.0, 0.0, 0.0, 0.0, 0.0, 0.0, 0.0, 0.0, 0.0, 0.0, 0.0, 0.0, 0.0, 0.0, 0.0, 0.0, 0.0, 0.0, 0.0, 0.0, 0.0, 0.0, 0.0, 0.0, 0.0, 0.0, 0.0, 0.0, 0.0, 0.0, 0.0, 0.0, 0.0, 0.0, 0.0, 0.0, 0.0, 0.02951994263987504, 0.0, 0.0, 0.0
0.0, 0.05884039551185767, 0.008009686463075361, 0.0, 0.0, 0.0, 0.0, 0.0, 0.04966282688234841, 0.0, 0.0, 0.0, 0.0, 0.0, 0.005183783802436299, 0.0, 0.0, 0.0, 0.0, 0.0, 0.007229261813382949, 0.0, 0.0, 0.0, 0.0, 0.0, 0.0, 0.0, 0.0, 0.005772548033296576, 0.0, 0.0, 0.0, 0.0011127853390814847, 0.03952761429786052, 0.0, 6.650414074715736E-4, 6.913828503369627E-4, 0.0, 0.0, 0.0, 0.009338934972255387, 0.001116711973346207, 0.0, 0.06069812069579963, 7.121630125702807E-4, 0.0, 0.0, 0.005232189817391757, 0.0, 0.0, 4.638028672506902E-4, 3.6818547434615723E-4, 4.821301636240526E-4, 0.0, 0.0, 2.5227943753509453E-4, 4.877182714805778E-4, 0.0, 0.05501081470418581, 0.012779247018489592, 0.0, 2.8473756894318805E-4, 0.007665498111429618, 0.0, 0.0, 0.0058729162491357135, 0.017115686944434386, 0.0, 0.022016577619339422, 0.0, 0.0, 0.0, 0.006502138145068012, 0.0, 0.027111426876815215, 0.0, 0.009358198542788427, 0.0, 8.854137355980757E-4, 0.0, 0.03952761429786052, 0.0, 9.461901085588119E-4, 4.745122540719814E-4, 0.0, 0.0609775532104259, 0.0, 0.0, 0.001304760027647706, 0.0, 0.0, 0.13466007972116398, 0.0, 3.212591412793707E-4, 0.011576390974984517, 0.0, 0.0, 0.0, 0.03334557412950867, 0.025345366000967304, 0.02879948986350083, 4.8710865022146644E-4, 0.0, 0.0, 0.0, 0.0, 0.0, 0.0, 0.011005054496313133, 0.0, 0.0, 4.498843365503772E-4, 0.0, 0.005462325547525815, 0.0, 6.913828503369627E-4, 0.0, 0.0, 0.0, 0.0, 0.0, 0.0, 3.3256891301061084E-4, 0.0, 0.0, 0.0, 0.0, 2.4127953811126283E-4, 0.0, 0.0, 0.0, 0.0, 0.0
2.466280842791845E-4, 2.0556582263583968E-4, 0.0, 0.0, 0.0, 0.013205844530535278, 0.0014056033027777925, 6.029720106683535E-4, 0.02530542310727426, 0.0010009889169374515, 5.105809627414148E-4, 0.0, 0.004904045007307268, 0.0, 6.917841357933754E-4, 1.283297181298389E-4, 0.0, 0.002023486988824857, 0.0, 0.0, 4.629385296199777E-4, 0.028593484874128633, 2.844155081055556E-4, 0.060430280162553876, 9.507739805356634E-4, 1.5358240302019592E-4, 1.9334975069817178E-4, 0.07163946083548851, 0.004377107190319743, 0.0, 0.0025888575581144886, 0.0025572207789090013, 0.04505765295035611, 0.006008279281790838, 0.0014208252953583295, 0.0, 0.0, 0.0, 0.0, 0.0, 0.0, 0.0026569325171116325, 4.1755404567705344E-4, 0.0, 0.0, 0.0, 3.920649114088014E-4, 0.0, 0.0, 0.0, 0.001251560112875909, 0.0, 0.0, 0.0, 0.0, 2.954984646004577E-4, 2.5749268656822865E-4, 0.016458405559975083, 0.0, 1.6339253081608626E-4, 0.0, 0.006465148640864346, 2.1088998743504496E-4, 1.2583473898975778E-4, 0.028593484874128633, 2.844155081055556E-4, 3.850424459586904E-4, 9.612900290586752E-4, 0.0, 0.0038280994459179768, 0.003489733929484042, 0.0018121435966399213, 0.004035102099649652, 0.0, 0.007853227718032502, 0.009494548507812688, 0.002939460281515289, 0.0, 0.0, 0.0047806282277209275, 0.0, 0.0014208252953583295, 0.0, 0.0, 0.002562041433300901, 0.0, 7.801896090541311E-4, 5.705985386490766E-4, 0.0, 0.0, 0.0, 1.91748081693464E-4, 0.0, 0.019084536243383854, 0.0, 0.0, 0.0, 2.4409337817885742E-4, 0.0, 7.875412914414769E-4, 0.0, 5.75692106011195E-4, 0.0, 0.0, 0.0, 5.965143751731905E-4, 4.172244752692725E-4, 3.8313117881658403E-4, 0.020319053080327422, 1.3121626352057152E-4, 0.00792520220836593, 0.03158902145402812, 9.18362016303505E-4, 0.0, 2.5530488004217713E-4, 0.1783907554873498, 0.0, 0.0, 0.0, 0.0, 2.2372255106930825E-4, 0.024199734580167945, 0.0333607704548976, 1.2435211442919582E-4, 0.0, 0.0, 0.0, 1.0046353280889332E-4, 0.0, 2.8358616696869197E-4, 1.0600206836939323E-4, 0.0025209362687381148, 3.016304207388313E-4, 0.0
0.030595237700109124, 0.0, 0.0, 0.0, 0.013205844530535278, 0.0, 0.0019307291016158114, 5.963224778952529E-4, 0.00878137628851815, 1.6993942428143215E-4, 1.7336422689434675E-4, 1.9428684312320117E-4, 2.6616003037718193E-4, 0.0, 0.0, 0.002802703358320541, 3.760350268478924E-4, 0.042103703695837075, 0.0, 0.058751432597933556, 0.025825653541426997, 0.001077687850787184, 0.021549355749755535, 0.005707386844676408, 0.004534496813315926, 6.21715491343003E-4, 0.028468981287538983, 2.2510518443268125E-4, 0.0, 0.0, 9.81176958818437E-4, 0.0026818294178584915, 0.0020210245330740282, 0.0, 0.0, 0.0, 0.0, 0.0, 0.016809594271622586, 0.0, 0.0, 3.561904897210245E-4, 0.0, 3.844564102791163E-4, 0.004157993672498299, 0.003087164878292001, 0.017262788842459208, 4.140710187521481E-4, 0.0012343877774800406, 0.005022008604506839, 0.20699448514005783, 0.014508193405678264, 5.572991804140597E-4, 0.0020899924338017555, 0.0023612164640951817, 0.0021099259363981295, 0.002418632117879725, 0.022331410688909273, 4.51555910899861E-4, 0.005846501654228726, 4.0842782807849716E-4, 0.0015305910135343646, 0.0010748129166860008, 0.02011333317507535, 0.001077687850787184, 0.021549355749755535, 0.001562273215333335, 0.0, 0.0, 0.0, 0.0, 0.0, 0.016428658517871442, 0.004396220758705931, 0.0, 0.0, 0.0027309091699131123, 2.569861508695479E-4, 0.028245832725882616, 0.0, 0.0, 0.0, 0.0, 0.0, 0.0, 0.0, 0.0, 0.0, 0.0, 0.0, 0.0, 0.0, 0.0, 1.9024639259516065E-4, 1.9212616800629348E-4, 0.0, 0.0, 0.0, 0.0, 0.0016094737539652491, 0.0, 0.0018078292844807067, 0.0, 0.0, 0.0, 2.0254232145282497E-4, 6.673125313360765E-4, 2.244892132895033E-4, 0.1597964098806409, 0.002124701323657698, 0.0, 0.0, 0.0, 0.0, 2.041684463183094E-4, 2.634531474688471E-4, 0.0, 0.016809594271622586, 0.0, 0.0, 3.5782383517810783E-4, 0.0031615609875922305, 5.162050665257166E-4, 0.01138615119978862, 1.4517306021531216E-4, 0.0, 0.03187198223633135, 0.005673493166318388, 1.442950787051179E-4, 0.006796926186934973, 0.0, 0.0, 0.0, 1.63719715589338E-4
0.004200030266260414, 3.1744814606114925E-4, 0.0, 0.0, 0.0014056033027777925, 0.0019307291016158114, 0.0, 0.0013762494988914826, 2.4205406629193742E-4, 0.004086926597620944, 0.0012453852806126166, 0.0, 0.04380854619299147, 0.0, 0.0015789581496020158, 0.06331342700579769, 0.014563151720947827, 0.001931624332367776, 0.0, 0.0, 0.00479800739641611, 0.0, 0.004192014927330916, 5.141618657781268E-4, 0.1078799612789446, 2.3717196020831764E-4, 2.985832912957142E-4, 0.002179478452808561, 0.0, 0.0, 0.006583839301848365, 0.02333864759329122, 0.0, 0.0, 0.0034656108203891113, 0.0, 0.0, 0.0, 0.0, 0.0, 0.0, 0.002558742371130019, 6.448141815642614E-4, 0.0, 0.0, 0.003513608026190429, 0.033194550657654254, 0.0, 0.0, 0.0, 0.015965124586324854, 0.0, 0.0, 0.0, 0.0014365042666535895, 4.5632799532784203E-4, 7.952739898810166E-4, 0.0, 0.0, 0.016982335003010312, 0.017998825202873978, 3.3103130153718966E-4, 3.25670068475878E-4, 0.024591043631256106, 0.0, 0.004192014927330916, 5.946076495457566E-4, 0.002344733822744704, 0.0, 0.010249353093484811, 0.0, 0.02380860832765535, 0.0022552811547161444, 0.0, 0.0, 0.0, 0.0017635663652475894, 0.0, 0.0, 0.0, 0.0, 0.0034656108203891113, 0.0, 0.0, 0.0, 0.0, 0.001204819662114525, 0.0013023588806610903, 0.0, 0.0, 0.0, 2.9610988959095317E-4, 0.0, 0.0, 0.0, 0.0, 0.0, 3.7694490930016933E-4, 0.0, 0.0012161726093815794, 0.0, 0.0030168063884978883, 0.0, 0.0, 0.0, 0.001454990053929532, 6.443052374528075E-4, 0.013702756346261682, 0.002970698845405413, 2.026327093364515E-4, 0.0, 0.0, 0.005441336544640959, 0.0, 3.942584414595345E-4, 0.0, 0.0, 0.0, 0.0, 0.0, 0.014203352385354162, 0.06494946792818769, 5.6189843528884E-4, 0.0021176933105674766, 0.0, 0.0, 0.0019189151801073734, 1.5514233751509033E-4, 0.0223531423802045, 4.3793224865145184E-4, 1.6369530523623283E-4, 1.277673900356962E-4, 8.067053143723924E-4, 0.0
0.006798442235108619, 0.009371769651124094, 0.0, 0.0, 6.029720106683535E-4, 5.963224778952529E-4, 0.0013762494988914826, 0.0, 0.0015847893055449913, 0.00295731992372612, 6.250206434833387E-4, 1.4020044683415596E-4, 6.00537418720471E-4, 0.0, 6.77337317253885E-4, 0.0013573781651930392, 8.484485970778439E-4, 1.283179831940889E-4, 0.0, 7.276341781218943E-4, 4.5327078995045176E-4, 0.0, 2.784759396436313E-4, 8.122960275627833E-4, 0.0014172824848790349, 0.02740662112903533, 0.001954900465457019, 1.62439447441813E-4, 0.0, 0.0, 0.00399572551986854, 0.059618195838325526, 0.0, 0.0, 0.0013911536042103111, 0.0, 0.0, 0.0, 0.0, 0.0, 0.0, 0.002172445322174369, 4.088340892394745E-4, 8.674497816684665E-4, 7.524407830949296E-4, 0.0, 7.680990661062166E-4, 2.988001704948842E-4, 3.571834011391946E-4, 0.0, 0.001225423257596269, 0.0, 4.021558683971925E-4, 0.0, 3.1802465018030237E-4, 0.0011608964882977076, 2.5211535869147585E-4, 0.0, 3.258498592136769E-4, 1.599803359979716E-4, 2.9472795520074565E-4, 8.421422297245941E-4, 5.174945794011656E-4, 5.773129329152175E-4, 0.0, 2.784759396436313E-4, 3.7700144290737415E-4, 9.412150058034727E-4, 0.0, 0.003748155638037972, 0.0, 7.631126866859735E-4, 0.003650544801411228, 0.0, 0.0, 0.00929626986522796, 0.0012618418963491946, 5.798383756997746E-4, 0.0, 0.0, 0.0, 0.0013911536042103111, 0.0, 0.0, 0.0, 0.0, 7.638965819012685E-4, 0.0011105312998204563, 0.0, 0.0, 0.0, 1.8774372600186681E-4, 0.0, 4.2925332315326423E-4, 1.3864126963005776E-4, 0.0, 0.0, 2.389958736846312E-4, 0.0, 0.008872368977043485, 0.0, 0.0011457700195804314, 0.0, 0.0, 0.0, 0.0032514638825591347, 0.0031943142604444145, 0.0016568167204281524, 6.576767525389543E-4, 8.531610650063127E-4, 0.0, 0.0, 0.0038354060644564475, 0.0, 3.973044084242495E-4, 5.944298733003481E-4, 0.0, 0.0, 0.0, 0.0, 0.006167038294041517, 0.0, 0.03376575475447349, 2.652772850758431E-4, 3.2755427148812514E-4, 0.016099116575385056, 0.0, 2.1431636570880827E-4, 1.0412560204912504E-4, 0.0011140977866294197, 0.016756057780395878, 2.840935866440441E-4, 7.419793108971252E-4, 3.6940112778894435E-4
0.00370159658394637, 0.0, 0.0, 0.04966282688234841, 0.02530542310727426, 0.00878137628851815, 2.4205406629193742E-4, 0.0015847893055449913, 0.0, 1.8203951566313543E-4, 1.857081723714478E-4, 2.0812052866140885E-4, 8.914676656694742E-4, 0.0, 1.7607526409222697E-4, 0.0014584804973959281, 0.001259479370809343, 1.9048160759936662E-4, 0.0, 0.010715057297567382, 0.007416705880844439, 0.0, 4.1338355965920935E-4, 4.839248296416947E-4, 2.419942451019674E-4, 2.2322425694853924E-4, 0.20281076114786448, 2.411332092047307E-4, 0.0, 0.0, 0.0026144986644928577, 0.0015985632046342738, 0.0, 0.0, 0.0, 0.0, 0.0, 0.0, 0.0, 0.0, 0.0, 0.01104820207698181, 6.068936919150815E-4, 0.001287685675935255, 0.0, 0.01140570088660425, 1.9117262589640586E-4, 0.0, 0.0, 0.0, 0.02673036029224839, 0.0, 0.011793404928539019, 0.007721592300699315, 0.0, 0.0, 0.0, 0.0, 0.0, 2.374827816541324E-4, 0.008470171554700675, 0.0, 0.0, 8.569920817977888E-4, 0.0, 4.1338355965920935E-4, 0.00572058001720233, 0.0, 0.0, 0.0, 0.0, 0.0011328024936267244, 0.001987638299942264, 0.0, 0.0, 0.0, 8.222621969820158E-4, 8.60740974895454E-4, 0.0, 0.0, 0.0, 0.0, 0.0, 0.0, 0.0, 0.0, 3.8042398572222814E-4, 9.644225604856288E-4, 0.0, 0.0, 0.0, 2.786961410657364E-4, 0.0414742066816184, 0.028375613446865455, 2.0580600833482537E-4, 0.0, 0.0, 3.547773826853665E-4, 0.0, 0.0, 0.0, 8.64098737772061E-4, 0.0, 0.0, 0.0, 6.783886004557117E-4, 0.004741799242485781, 0.147021604176174, 0.013125651656148755, 0.012282242743082844, 0.0, 0.0, 0.0, 0.0, 5.897784592553714E-4, 8.824013209440317E-4, 0.0, 0.0, 0.0, 0.0, 0.003357811553417694, 0.0, 0.0015047202661833425, 3.9379081920584447E-4, 4.862378807397874E-4, 6.459008316421191E-4, 0.0, 3.18141891408313E-4, 1.545692316607647E-4, 0.0, 1.5406864641683268E-4, 4.2172267476161765E-4, 7.805713559611363E-4, 5.483574392205579E-4
0.016801431248902158, 8.140577020136069E-4, 0.0, 0.0, 0.0010009889169374515, 1.6993942428143215E-4, 0.004086926597620944, 0.00295731992372612, 1.8203951566313543E-4, 0.0, 0.0011319796250680366, 1.410779243766926E-4, 1.9326735683197811E-4, 0.0, 0.025061853690266943, 0.002684787351383999, 2.7305112496472196E-4, 0.0, 0.0, 2.0736051029632353E-4, 0.0018939437174579615, 0.009578336150266039, 0.0011208753878008749, 0.0013121456294446585, 0.003190364786686763, 0.002697538808172142, 2.2455296275428514E-4, 0.0015539681855052463, 0.0, 0.0, 0.06109080192024096, 0.0, 0.017806449264971963, 0.0, 0.002799720933889806, 0.0, 0.03193833941263084, 0.0, 0.0, 0.0, 0.0, 0.0023257414994439876, 0.0016455714950057935, 2.7916616227635275E-4, 0.0, 0.0, 5.133806637775677E-4, 0.0, 0.0, 0.0, 0.002466185715786025, 0.0, 0.0, 0.0, 0.0, 0.0011701984209084096, 5.073865641776774E-4, 0.0, 0.0, 6.439264425562795E-4, 0.0, 0.005125663799107402, 4.155564477198778E-4, 0.0013893660478585949, 0.009578336150266039, 0.0011208753878008749, 0.005609060937858392, 0.0018942116435338107, 0.0, 0.00957093669117815, 0.003438241551582863, 4.625400815769613E-4, 0.009543737234640663, 0.0, 0.0, 0.0, 0.0016029747773585032, 0.023109327471988534, 0.0, 0.0, 0.0, 0.002799720933889806, 0.0, 0.045440389871238294, 0.0, 0.00169523565647169, 0.0010216019024230874, 0.036466836139615454, 0.012277801281693541, 0.0, 0.0, 7.556750574531596E-4, 0.0, 0.01071479580887645, 1.395089886945558E-4, 0.0, 0.003034975645323632, 9.619667427709723E-4, 0.004652333455597355, 0.008535128955931101, 0.0, 0.001418272484920141, 0.0, 0.0, 0.0, 0.0035467421287288014, 4.845570874387634E-4, 9.179646958472902E-4, 0.0, 0.0, 0.0, 0.0, 0.019721882706855143, 0.0, 0.02032717115340171, 1.9130180210835508E-4, 0.0, 0.0, 0.0, 0.0, 0.004189315745298038, 0.0013471360261558252, 8.231400784236423E-4, 0.0013729960991250127, 1.054148272798978E-4, 0.0, 0.0, 5.126011784276684E-4, 1.04777296672533E-4, 0.0011230247345850944, 0.0, 0.0, 0.0010724378092803976, 1.1888215014250771E-4
2.922019078297056E-4, 2.0661427501654652E-4, 0.0, 0.0, 5.105809627414148E-4, 1.7336422689434675E-4, 0.0012453852806126166, 6.250206434833387E-4, 1.857081723714478E-4, 0.0011319796250680366, 0.0, 0.05127188436063192, 1.9716228910839385E-4, 0.0, 5.73551563630359E-4, 0.011792871244208853, 2.785539458092235E-4, 0.0, 0.04593719199223551, 2.115394630053904E-4, 3.4054369900344856E-4, 0.0, 0.0, 0.0, 7.882775492818873E-4, 0.0, 2.2907839631292184E-4, 1.6675025694135758E-4, 0.0, 0.0, 0.0030205885091195645, 0.015023722471388211, 0.0, 0.0, 0.0014280719652783867, 0.0, 0.0, 0.0, 0.0, 0.0, 0.0, 0.0013182330697593028, 0.0, 2.8479221994980963E-4, 0.0, 0.0, 2.618634323807965E-4, 0.0, 0.0, 0.0, 0.0012579434754559186, 0.0, 0.0, 0.0, 0.0, 2.970056026292068E-4, 2.5880598279999246E-4, 0.0, 0.0, 0.0, 0.0, 2.154550065058982E-4, 2.1196559478337934E-4, 1.4908744440652322E-4, 0.0, 0.0, 2.5717306899190293E-4, 9.661929200480094E-4, 0.0, 0.0038476239949222406, 0.0, 0.04939920014817099, 0.007845151276578668, 0.0, 0.0, 0.0, 0.056602089360446965, 1.9036659149306636E-4, 0.0, 0.0, 0.0, 0.0014280719652783867, 0.0, 0.0, 0.0, 0.0, 5.210951630448817E-4, 4.730777523136569E-4, 0.0, 0.0, 0.0, 0.0, 0.0, 1.409280507126504E-4, 1.4232052434042766E-4, 0.0, 0.00969810368150065, 0.0, 0.0, 7.915580075051169E-4, 0.0, 8.682267195976332E-4, 0.0, 0.0, 0.0, 7.495932481915815E-4, 4.943224046168321E-4, 5.5137923860494E-4, 0.0, 0.0, 0.0, 0.0, 9.230459605020009E-4, 0.0, 1.512410341356541E-4, 1.95157122405492E-4, 0.0, 0.0, 0.0, 0.0, 2.650637150186793E-4, 0.0, 2.902709719689899E-4, 0.04526740339857039, 1.075392606033287E-4, 0.0, 0.0, 1.1902795271620436E-4, 0.008290568893943967, 2.850325484151864E-4, 0.0, 0.0, 2.218833228132658E-4, 1.2127799148514226E-4
3.2746655549306604E-4, 0.042199933360126396, 0.0, 0.0, 0.0, 1.9428684312320117E-4, 0.0, 1.4020044683415596E-4, 2.0812052866140885E-4, 1.410779243766926E-4, 0.05127188436063192, 0.0, 2.209569956849205E-4, 0.0, 0.0, 1.703929659357177E-4, 3.121714770127704E-4, 0.0, 0.0, 2.370692916269378E-4, 0.0, 0.0, 0.0, 0.0, 0.0, 0.0, 2.567249267317817E-4, 1.8687466031191624E-4, 0.0, 0.0, 8.145397066139464E-4, 0.0, 0.0, 0.0, 0.0, 0.0, 0.0, 0.0, 0.0, 0.0, 0.0, 2.956972179059586E-4, 0.0, 3.1916262282770386E-4, 0.0, 0.0, 0.0, 0.0033953850748825714, 0.004058816925087999, 0.0, 0.0, 0.0, 0.0, 0.005984119495689867, 0.0, 0.0, 0.0, 0.0, 0.0, 0.005423712126704692, 0.0, 0.0, 0.0, 0.004344085083125278, 0.0, 0.0, 0.0, 0.0, 0.0, 0.0, 0.0, 0.007635998157756502, 0.008791950350168371, 0.0, 0.0, 0.0, 2.0380389744589E-4, 2.1334115324640816E-4, 0.0, 0.0, 0.0, 0.0, 0.0, 0.0, 0.0, 0.0, 0.0, 0.0, 0.0, 0.0, 0.0, 0.0, 0.0, 1.5793607811116482E-4, 1.5949660365971428E-4, 0.0, 0.01086852796747135, 0.0, 0.0, 0.0, 0.0, 0.0997176303961533, 0.0, 0.0, 0.0, 1.681437396285417E-4, 5.539801445692936E-4, 1.863633020398559E-4, 0.0, 0.0, 0.0, 0.0, 0.0, 0.0, 1.6949369312973723E-4, 2.1870983365142912E-4, 0.0, 0.0, 0.0, 0.0, 2.970531656964714E-4, 0.0, 1.21364167321684E-4, 1.6511160397415138E-4, 1.205177321106566E-4, 0.0, 0.0048274505762129, 1.3339294727015625E-4, 1.1978886175215641E-4, 0.0, 0.0, 0.0, 0.0, 1.3591453397320875E-4
0.0014026768415775115, 0.0, 0.0, 0.0, 0.004904045007307268, 2.6616003037718193E-4, 0.04380854619299147, 6.00537418720471E-4, 8.914676656694742E-4, 1.9326735683197811E-4, 1.9716228910839385E-4, 2.209569956849205E-4, 0.0, 0.0, 0.0, 0.0161194318987795, 0.048631550019438266, 0.0, 0.011284122114578682, 0.016238456718582542, 0.0, 0.015884090507354603, 0.0, 0.0, 0.01030534573136278, 0.013688674808019557, 0.0010996607236429022, 0.09503505451595629, 0.006754293764383097, 0.0, 0.002302440459268577, 0.023065395329798753, 0.0, 0.0, 0.0, 0.0, 0.0, 0.0, 0.0, 0.0, 0.0, 8.358404540277558E-4, 0.0, 0.0013671076090915116, 0.022958105019195398, 0.0, 0.0, 0.0, 0.0, 0.0, 0.0, 0.0, 0.0, 0.0, 0.0, 0.0, 0.0, 0.045150025129240594, 0.0, 0.0, 0.03397202617679605, 0.009645560292035203, 0.0, 7.156746757481142E-4, 0.015884090507354603, 0.0, 0.0, 0.0, 0.0, 0.0, 0.0, 0.04453108154098861, 0.006775385445704044, 0.027639590273902333, 0.0, 0.0, 8.729777205496677E-4, 9.138297942017232E-4, 0.0, 0.0, 0.0, 0.0, 0.0, 0.0, 0.0, 0.0, 0.0, 0.0, 0.0, 0.0, 0.0, 0.0, 0.0, 6.765065790689538E-4, 2.1849972027291356E-4, 0.0, 0.0, 0.0, 0.0, 0.0, 0.0, 9.173946573231526E-4, 0.0, 0.0, 0.0, 7.202302820759E-4, 7.589158881614E-4, 7.98272322795285E-4, 0.0, 0.0, 0.012229342698260698, 0.0, 0.0, 0.0, 2.321950667732292E-4, 9.368261080164735E-4, 0.0, 0.0, 0.0, 0.0, 0.08615676637717987, 0.02307963068193545, 5.19853719544404E-4, 0.01130959482972253, 5.162280819075582E-4, 0.025372333056015422, 0.0, 1.827394502210986E-4, 1.6410275945749113E-4, 0.0, 0.026244106210369374, 0.011456691446863964, 0.0, 5.821790532195483E-4
0.0, 0.0, 0.0, 0.0, 0.0, 0.0, 0.0, 0.0, 0.0, 0.0, 0.0, 0.0, 0.0, 0.0, 0.0, 0.0, 0.0, 0.0, 0.0, 0.0, 0.0, 0.0, 0.0, 0.0, 0.0, 0.0, 0.0, 0.0, 0.0, 0.0, 0.0, 0.0, 0.0, 0.0, 0.0, 0.0, 0.0, 0.0, 0.0, 0.0, 0.0, 0.0, 0.0, 0.0, 0.0, 0.0, 0.0, 0.0, 0.0, 0.0, 0.0, 0.0, 0.0, 0.0, 0.0, 0.0, 0.0, 0.0, 0.0, 0.0, 0.0, 0.0, 0.0, 0.0, 0.0, 0.0, 0.0, 0.0, 0.0, 0.0, 0.0, 0.0, 0.0, 0.0, 0.0, 0.0, 0.0, 0.0, 0.0, 0.0, 0.0, 0.0, 0.0, 0.0, 0.0, 0.0, 0.0, 0.0, 0.0, 0.0, 0.0, 0.0, 0.0, 0.0, 0.0, 0.0, 0.0, 0.0, 0.0, 0.0, 0.0, 0.0, 0.0, 0.0, 0.0, 0.0, 0.0, 0.0, 0.0, 0.0, 0.0, 0.0, 0.0, 0.0, 0.0, 0.0, 0.0, 0.0, 0.0, 0.0, 0.0, 0.0, 0.0, 0.0, 0.0, 0.0, 0.0, 0.0, 0.0, 0.0, 0.0, 0.0, 0.0, 0.0
2.7704504024981836E-4, 0.056272545321525584, 0.0, 0.005183783802436299, 6.917841357933754E-4, 0.0, 0.0015789581496020158, 6.77337317253885E-4, 1.7607526409222697E-4, 0.025061853690266943, 5.73551563630359E-4, 0.0, 0.0, 0.0, 0.0, 1.4415678582769477E-4, 0.0, 1.4721801931117496E-4, 0.0, 0.0, 5.200333285100377E-4, 0.011598872930339319, 3.1949283521814464E-4, 0.0037078004679375375, 0.0010680341473512168, 1.7252391653104678E-4, 2.1719582188308136E-4, 0.0, 0.002974446031423968, 0.0042030941719227955, 0.022809968454858665, 1.8604961637583748E-4, 0.0, 0.0, 0.05595970406063283, 0.0, 0.0, 0.0, 0.0, 0.024129584498396115, 0.0, 0.0011784069642825417, 4.6905151831825383E-4, 0.015596337980170889, 0.0, 0.0, 4.4041877663386766E-4, 0.0, 0.0, 0.0, 0.001405916616755873, 0.01758166550191613, 0.0, 0.0, 0.0, 3.31942666863195E-4, 2.892495877865019E-4, 0.0, 0.0, 1.835439398913697E-4, 0.0, 0.01608839608658734, 2.368993183723841E-4, 1.413540977303256E-4, 0.011598872930339319, 3.1949283521814464E-4, 0.05863601024416955, 0.0010798471535416587, 0.0, 0.02133279901614751, 0.0, 0.01203056533776963, 0.08711593712675456, 0.0, 0.0, 0.0, 8.121954403187576E-4, 0.0, 0.0, 0.0, 0.0, 0.05595970406063283, 0.0, 0.0, 0.0, 0.0, 0.048050171892540385, 6.409711836693006E-4, 0.0, 0.0, 0.0, 2.1539661699863748E-4, 0.0, 0.0, 0.012178171288349892, 0.008955785639303241, 0.003345339894010418, 2.741977256155626E-4, 0.0, 8.846697626650326E-4, 0.0, 0.0030941532981822693, 0.0, 0.0, 0.0, 6.700832533426117E-4, 4.6868130157203176E-4, 4.3038323541468433E-4, 0.0, 1.4739933254047377E-4, 0.0, 0.0, 0.0010316247742600767, 0.0, 0.1871313450300973, 0.0, 0.0, 0.0, 0.024129584498396115, 0.0, 0.10997201526468958, 0.061069112406490725, 4.0873684504504884E-4, 1.3968861919305052E-4, 0.0, 0.0, 0.0, 1.1285382835464819E-4, 0.0, 3.1856121038184603E-4, 1.1907543856488998E-4, 0.008480839849080012, 3.388308849675158E-4, 0.0
0.055268065305827764, 0.0, 0.0, 0.0, 1.283297181298389E-4, 0.002802703358320541, 0.06331342700579769, 0.0013573781651930392, 0.0014584804973959281, 0.002684787351383999, 0.011792871244208853, 1.703929659357177E-4, 0.0161194318987795, 0.0, 1.4415678582769477E-4, 0.0, 0.011551786589283788, 1.5595158384333843E-4, 0.0, 8.84332029790526E-4, 0.0031099634799712536, 0.0, 3.384464341525499E-4, 9.872260215971328E-4, 0.012709819221607842, 7.280141089023585E-4, 0.00179909354085324, 0.0035563234043617864, 0.0, 0.0, 0.0012255107705685805, 0.021447877269800388, 0.0017724739302133895, 0.0, 0.0, 0.0, 0.0, 0.0, 0.0, 0.0, 0.0, 0.001059791538958573, 4.968775393672327E-4, 3.3717500870049865E-4, 9.144807995811902E-4, 0.0, 6.234822809627751E-4, 3.631475392724483E-4, 4.341037455829801E-4, 0.0, 0.0, 0.0, 4.887611468578977E-4, 0.0, 3.865120590449438E-4, 0.001059263629113999, 0.0, 0.0, 3.960224465392212E-4, 1.9443250401571485E-4, 0.007292918653683548, 7.684153096167048E-4, 3.7798520160890433E-4, 0.01376531174344961, 0.0, 3.384464341525499E-4, 1.537138779070308E-4, 0.0, 0.0, 0.0, 0.0, 0.006529496979106362, 0.029677173315428233, 0.022899894896679887, 0.0, 0.0, 0.002395055196133226, 2.2538135751837211E-4, 0.0, 0.0, 0.0, 0.0, 0.0, 0.0, 0.0, 0.0, 3.1146168836499426E-4, 0.01986702282330791, 0.0, 0.0, 0.0, 2.28174809935679E-4, 0.0, 1.6684942002122264E-4, 1.6849801599636466E-4, 0.0, 0.0, 2.9046423662040257E-4, 0.0, 0.0014115366852707025, 0.0, 3.428652021336042E-4, 0.0, 0.0, 0.0, 1.776331650927478E-4, 0.003882217876321928, 0.001138987196155152, 0.003996545482649, 0.0029002917400076707, 0.0, 0.0, 0.004014613701276276, 0.0, 4.828649127689578E-4, 2.3105302685808157E-4, 0.0, 0.0, 0.0, 0.0, 0.01276022984590385, 0.05167548309194017, 0.0012837794221265142, 0.0032901364667741267, 1.273193176975226E-4, 0.0, 0.002065246514369751, 2.604699344851958E-4, 0.00981548105295953, 0.003049686022524123, 1.2613947211029437E-4, 9.845432713390687E-5, 6.39071356017295E-4, 1.435850594562886E-4
0.0019817236383466224, 0.0, 0.0, 0.0, 0.0, 3.760350268478924E-4, 0.014563151720947827, 8.484485970778439E-4, 0.001259479370809343, 2.7305112496472196E-4, 2.785539458092235E-4, 3.121714770127704E-4, 0.048631550019438266, 0.0, 0.0, 0.011551786589283788, 0.0, 0.0, 0.10293377498986728, 4.588388797136248E-4, 0.0, 0.0, 0.0, 0.0, 0.0, 0.0, 0.0015536177582811178, 3.6168902010015E-4, 0.0, 0.0, 0.0032529236590850587, 0.0, 0.0032472925259725066, 0.0, 0.0, 0.0, 0.0, 0.0, 0.0, 0.0, 0.0, 0.0011808883817959893, 0.0, 0.0019314708739707033, 0.006701563537846448, 0.0, 0.0, 0.0026612437452611967, 0.0, 0.0, 0.0, 0.0, 0.003581774359832358, 0.0, 0.0, 0.0, 0.0, 0.004744610858733958, 0.0, 0.0, 0.002624974831950557, 0.0, 0.002769978162590036, 0.001011116302954745, 0.0, 0.0, 0.0, 0.0, 0.0, 0.0, 0.0, 0.0, 0.0010641218496261038, 0.0, 0.0, 0.0, 0.0012333564890239395, 0.0012910729334907258, 0.00600120997872129, 0.0, 0.0, 0.0, 0.0, 0.0, 0.0, 0.0, 0.006809700525883638, 0.0, 0.0, 0.0, 0.0, 0.0, 0.0, 9.55779007323028E-4, 3.086998001264354E-4, 0.0, 0.0, 0.0, 0.0, 0.0, 0.0, 0.0012961094275040308, 0.0, 0.0, 0.0, 0.0010175525343654108, 0.0010722081597888556, 0.001127811542209641, 0.0, 0.0, 0.0, 0.0, 0.0, 0.0, 3.2804879847768783E-4, 0.0013235624829939989, 0.0, 0.0, 0.0, 0.0, 0.0653799434646564, 0.011923550615879484, 7.344574131165849E-4, 3.195674263642624E-4, 7.293350559235083E-4, 0.03584642640892324, 0.0, 2.5817713490894996E-4, 2.3184692859766522E-4, 0.0, 0.0, 4.521901260744272E-4, 0.0, 8.2251161302265E-4
2.9971265365574037E-4, 0.0, 0.0, 0.0, 0.002023486988824857, 0.042103703695837075, 0.001931624332367776, 1.283179831940889E-4, 1.9048160759936662E-4, 0.0, 0.0, 0.0, 0.0, 0.0, 1.4721801931117496E-4, 1.5595158384333843E-4, 0.0, 0.0, 0.0, 0.008703183127150599, 0.001439667255362339, 0.0, 0.0032988569647719747, 4.046136479342821E-4, 2.0233343753472404E-4, 1.8663969149556136E-4, 2.3496661799402314E-4, 0.0, 0.0, 0.0, 3.7275235116705443E-4, 0.02127244336209733, 0.0, 0.007301509609959379, 0.0, 0.0, 0.0, 0.0, 0.015055368218095758, 0.0, 0.0, 0.014166434889361174, 5.074289549802187E-4, 0.0, 0.0, 0.0027649926132436277, 1.5984105135996533E-4, 0.0, 0.0, 0.0, 0.13669021677816265, 0.008453415081317183, 0.0, 0.0, 0.0011304401790363115, 0.0, 0.0, 0.0, 0.0, 0.001895144859943159, 0.0, 0.0, 0.0, 1.5291958194835984E-4, 0.0, 0.0032988569647719747, 1.5697806049283722E-4, 0.0, 0.0, 0.0, 0.0042408690786980745, 0.0022021918863846437, 1.6093605444933903E-4, 0.0, 0.0, 0.0, 0.04945574679809574, 0.0, 0.0, 0.005809617248009042, 0.0, 0.0, 0.0, 0.0, 0.0031134987687830747, 0.0, 3.1807571588905286E-4, 1.2142861094296343E-4, 0.0, 0.0, 0.0, 2.3302020354133774E-4, 0.0, 0.0, 0.0, 0.0, 0.0, 2.966323739147419E-4, 0.0, 0.0, 0.0, 0.0012690206187104761, 0.0, 0.0, 0.0, 0.0, 5.070284473828332E-4, 0.0, 0.0647824823543803, 1.594594332493894E-4, 0.0, 0.0, 0.0, 0.0, 3.102570549187026E-4, 0.0, 0.0, 0.015055368218095758, 0.0, 0.0, 2.7187690185238774E-4, 0.0, 2.2215628458260322E-4, 0.008879683998134862, 0.0, 0.0, 0.001510067787553031, 1.220874423194198E-4, 0.0, 0.0, 1.2881809992094833E-4, 1.0054504857365976E-4, 0.015866801222561882, 0.0
0.0, 0.0, 0.0, 0.0, 0.0, 0.0, 0.0, 0.0, 0.0, 0.0, 0.04593719199223551, 0.0, 0.011284122114578682, 0.0, 0.0, 0.0, 0.10293377498986728, 0.0, 0.0, 0.0, 0.0, 0.0, 0.0, 0.0, 0.03136079424113179, 0.0, 0.03641879389895981, 0.0, 0.0, 0.0, 0.0, 0.0, 0.001748640147781867, 0.0, 0.0, 0.0, 0.0, 0.0, 0.0, 0.0, 0.0, 0.0, 0.0, 0.0, 0.021075021142978306, 0.0, 0.0, 0.0014330577300249382, 0.0, 0.0, 0.0, 0.0, 0.0019287558468490081, 0.0, 0.0, 0.0, 0.0, 0.00255493367684801, 0.0, 0.0, 0.001413527220400644, 0.0, 0.001491610313774668, 0.0, 0.0, 0.0, 0.0, 0.0, 0.0, 0.0, 0.0, 0.0, 0.0, 0.0, 0.0, 0.0, 0.0, 0.0, 0.0032316019022396074, 0.0, 0.0, 0.0, 0.0, 0.0, 0.0, 0.0, 0.003666967370106354, 0.0, 0.0, 0.0, 0.0, 0.0, 0.0, 0.0, 0.0, 0.0, 0.0, 0.0, 0.0, 0.0, 0.0, 0.0, 0.0, 0.0, 0.0, 0.0, 0.0, 0.0, 0.0, 0.0, 0.0, 0.0, 0.0, 0.0, 0.0, 0.0, 0.0, 0.0, 0.0, 0.0, 0.01517030128804344, 0.0, 0.0, 0.0, 0.0, 0.0, 0.0, 0.0, 0.0, 0.0, 0.0, 0.005610254749450998, 0.0, 0.0
4.813200389219778E-4, 0.0, 0.049722396177595496, 0.0, 0.0, 0.058751432597933556, 0.0, 7.276341781218943E-4, 0.010715057297567382, 2.0736051029632353E-4, 2.115394630053904E-4, 2.370692916269378E-4, 0.016238456718582542, 0.0, 0.0, 8.84332029790526E-4, 4.588388797136248E-4, 0.008703183127150599, 0.0, 0.0, 0.011210263596564766, 0.001314997409366858, 0.022271169790745324, 0.006964167694311374, 0.010243600834502814, 7.586187966043413E-4, 0.011318024161031778, 2.746739087276578E-4, 0.0, 0.0, 0.0011972345777436885, 0.0, 0.0, 0.0, 0.0, 0.0, 0.0, 0.0, 0.0, 0.0, 0.0, 4.346245259071357E-4, 0.0, 4.691146728268676E-4, 0.005073594272687772, 0.0, 0.024785414278199754, 5.052504921116494E-4, 0.0015062030516115668, 0.006127867452454629, 0.09679983528666629, 0.022609478401527543, 6.800178529909776E-4, 0.005100427983925319, 0.001341074912948158, 0.002574536901657422, 0.0029512209559569244, 0.0, 5.509896512091873E-4, 0.0048225271704813106, 4.98364656745691E-4, 0.0018676309806477953, 0.0013114894075902817, 0.003253927292182824, 0.001314997409366858, 0.022271169790745324, 0.0019062896824771352, 0.0, 0.0, 0.0, 0.0, 0.011223616179568404, 2.5845337875016937E-4, 0.006317059139757848, 0.0, 0.0, 2.995570027094986E-4, 3.135751436649998E-4, 0.0, 0.0, 0.0, 0.0, 0.0, 0.0, 0.0, 0.0, 0.0, 0.0, 0.0, 0.0, 0.0, 0.0, 0.0, 2.321391237929335E-4, 2.3443283044836773E-4, 0.0, 0.0, 0.0, 0.0, 0.0019638838977003564, 0.0, 4.770314909830555E-4, 0.0, 0.0, 0.0, 2.471426469205044E-4, 8.142564187802725E-4, 2.739222991990433E-4, 0.08995797217960284, 0.0, 0.0, 0.0, 0.0, 0.0, 2.491268485461024E-4, 3.214661890806562E-4, 0.0, 0.0, 0.0, 0.0, 0.021830876905832575, 0.007715489239676135, 6.298747125037523E-4, 0.01565252410262369, 1.7714053095574218E-4, 0.0, 0.038074159817591297, 0.009765171568989208, 1.7606921572236163E-4, 0.009515492562536827, 0.02815783971622399, 0.0, 0.0, 1.9977120620317062E-4
0.003130342657494863, 0.0, 0.0, 0.007229261813382949, 4.629385296199777E-4, 0.025825653541426997, 0.00479800739641611, 4.5327078995045176E-4, 0.007416705880844439, 0.0018939437174579615, 3.4054369900344856E-4, 0.0, 0.0, 0.0, 5.200333285100377E-4, 0.0031099634799712536, 0.0, 0.001439667255362339, 0.0, 0.011210263596564766, 0.0, 0.006044701540132933, 0.007851327437808892, 3.832121959291196E-4, 0.07746251719823602, 1.7676765573949274E-4, 0.020306628959872498, 0.001624396477978744, 0.0, 0.0, 0.002280386665156721, 1.906260604283836E-4, 0.0, 0.0, 9.476520611365639E-4, 0.0, 0.0, 0.0, 0.0, 0.0, 0.0, 6.996739125042813E-4, 4.8058923644506244E-4, 0.0, 0.004280994081774237, 0.0026187423396577666, 0.0023374074179792407, 0.0, 0.0020321865331320976, 0.004260007832825489, 0.031625873721020895, 0.0, 0.0, 0.0, 0.001070647185498233, 0.0, 0.0018641329709980009, 0.0, 0.0, 0.029026019784931252, 0.04192119367713194, 0.003597212094907165, 0.0017694766383581106, 0.037731243103696584, 0.006044701540132933, 0.007851327437808892, 0.00667690024626592, 6.411544616804816E-4, 0.0, 0.003232988889561577, 0.0, 0.0041159527867555, 0.0016808933164041372, 0.005153949870266234, 0.0, 0.0, 4.8223744315016657E-4, 0.007417819352563998, 0.0, 0.0, 0.0, 9.476520611365639E-4, 0.0, 0.0, 0.0, 0.0, 3.0125156227396544E-4, 4.2893475282768144E-4, 0.0, 0.0, 0.0, 2.2069493787671258E-4, 0.0, 0.03432124085220246, 0.0, 0.0, 0.0, 2.809424347692762E-4, 0.0, 0.0, 0.0, 0.0015858686851673407, 0.0, 0.0, 0.0, 3.9785896195485384E-4, 4.8020991311609434E-4, 4.409697920354207E-4, 0.016349930629517784, 0.024382156558167074, 0.0, 0.0, 0.0029985053331622507, 0.0, 2.938464580344765E-4, 0.0, 0.0, 0.0, 0.0, 0.0, 2.5749636749322245E-4, 0.001573724572071746, 2.1040565015291131E-4, 0.005796143717521164, 0.0, 0.0, 0.0038472243948459127, 0.0017853241760583131, 0.0, 0.0, 1.2200445337953908E-4, 9.522686407248987E-5, 3.4716543904257544E-4, 0.0
0.0, 0.0, 0.0, 0.0, 0.028593484874128633, 0.001077687850787184, 0.0, 0.0, 0.0, 0.009578336150266039, 0.0, 0.0, 0.015884090507354603, 0.0, 0.011598872930339319, 0.0, 0.0, 0.0, 0.0, 0.001314997409366858, 0.006044701540132933, 0.0, 0.0, 0.006130445055139426, 0.008108267314082542, 0.0, 0.0, 0.013433989762235903, 0.004375725578454748, 0.0, 0.007319423391407118, 0.0, 0.0029783819502355482, 0.0, 0.0, 0.0, 0.0, 0.0, 0.0, 0.0, 0.0, 0.0, 0.0, 0.0, 0.003794198983039949, 0.009928645187906917, 0.005872885679234604, 0.0, 0.005459599695312506, 0.00955698521288556, 0.0, 0.007743382655759149, 0.0, 0.0, 8.0182310116988E-4, 0.001098726453905913, 0.004211910617529753, 0.0, 0.0, 0.0, 0.0, 0.018300097905856995, 7.841340508217674E-4, 0.0, 0.9999999999999998, 0.0, 0.051005195864227124, 0.0, 0.0, 0.0, 0.005766922967643001, 0.00571568465994309, 0.0039014388930463224, 0.0, 0.0, 0.0, 0.0, 0.0038341512752345774, 0.0, 0.0, 0.0, 0.0, 0.0, 0.0, 0.0, 0.0028433992481922154, 0.0, 0.0, 0.020593414727059712, 0.0, 0.0, 0.0, 0.0, 0.0, 0.0, 0.0, 0.008907643114260148, 0.0, 0.0, 0.0, 0.0, 0.0036004737510670847, 0.0, 0.0, 0.0, 0.0, 0.0, 0.0, 0.0016581746508930902, 0.0, 0.0, 0.0, 0.0, 0.0, 0.0, 0.0, 0.0, 0.0, 0.0, 0.0, 0.0065908855702793675, 0.0, 0.0, 0.006055864116690075, 0.0, 0.0, 0.001071093595969591, 0.001479832152737016, 0.0, 0.0, 0.0, 0.0, 0.0, 0.0
6.504369907655571E-4, 0.0010947978588269677, 0.0, 0.0, 2.844155081055556E-4, 0.021549355749755535, 0.004192014927330916, 2.784759396436313E-4, 4.1338355965920935E-4, 0.0011208753878008749, 0.0, 0.0, 0.0, 0.0, 3.1949283521814464E-4, 3.384464341525499E-4, 0.0, 0.0032988569647719747, 0.0, 0.022271169790745324, 0.007851327437808892, 0.0, 0.0, 0.012217422080560144, 0.00677977231131603, 4.050458257702586E-4, 5.099250167593498E-4, 0.0, 0.0, 0.0, 8.089478860387829E-4, 4.3680100715560587E-4, 0.0, 0.0, 0.0, 0.0, 0.0, 0.0, 0.0, 0.0, 0.0, 0.0, 0.005506116583315023, 0.0, 0.019618959992604948, 0.01614159358415281, 0.0053559409034206525, 0.0038954218872949424, 0.004656557043697837, 0.0, 0.07785556426797532, 0.0, 0.0, 0.0, 0.010745381734939729, 0.0015737591112328932, 0.0, 0.0, 0.0, 0.02596348870283492, 0.0, 0.055176860418627134, 0.004054582967492597, 0.005124016871277571, 0.0, 0.9999999999999999, 0.005260008039110104, 0.0, 0.0, 0.0054278026040338835, 0.0, 0.0015476687712130208, 0.001746318710352939, 0.0, 0.0, 0.0, 0.0, 0.0, 0.0, 0.0, 0.0, 0.0, 0.0, 0.0, 0.0, 0.0, 6.90288544560799E-4, 2.635246104267043E-4, 0.0, 0.0, 0.0, 0.0025285045214190013, 0.0, 0.0, 0.0, 0.0, 0.0017622719101601046, 0.0032187608080499353, 0.0, 0.0, 0.0, 0.0027540310440198807, 0.0, 0.0, 0.0, 0.0, 0.0011003541342870034, 0.0, 0.033156721049811835, 3.460591758366274E-4, 0.0, 0.0, 0.0, 0.0, 6.733204711366713E-4, 0.0, 0.0, 0.0, 0.0, 0.0, 5.900277874241924E-4, 0.0, 0.0014463720179416347, 3.2795622340033275E-4, 0.0, 0.0, 0.026955884606564066, 0.0013247720378819917, 0.0, 0.0015103168630335422, 2.795612939484369E-4, 2.1820306227626456E-4, 0.0019195920318132288, 0.0
7.614299180363315E-4, 0.0012816181363421804, 0.0, 0.0, 0.060430280162553876, 0.005707386844676408, 5.141618657781268E-4, 8.122960275627833E-4, 4.839248296416947E-4, 0.0013121456294446585, 0.0, 0.0, 0.0, 0.0, 0.0037078004679375375, 9.872260215971328E-4, 0.0, 4.046136479342821E-4, 0.0, 0.006964167694311374, 3.832121959291196E-4, 0.006130445055139426, 0.012217422080560144, 0.0, 0.0012808387683586196, 0.0011814920731576133, 5.969404711419545E-4, 0.01254904251270818, 0.004087480136566221, 0.0, 9.469896874056923E-4, 5.113383153150952E-4, 0.0, 0.0, 0.0, 0.0, 0.0, 0.0, 0.0, 0.0, 0.0, 0.0, 0.00644570028804403, 0.0, 0.004730563071718607, 0.0, 0.0019167576298689316, 4.710899594036398E-4, 0.001404367032819306, 0.0, 0.01261768784077989, 0.0011931211582499829, 6.340411098273203E-4, 0.0, 0.0012504033863630177, 0.00424278074886086, 6.48982479342528E-4, 0.0, 5.137366444417104E-4, 0.1385405029648831, 4.646696828207271E-4, 0.012727032969479728, 0.001222818189048854, 3.884972600550714E-4, 0.006130445055139426, 0.012217422080560144, 0.002176211332621769, 0.0, 0.0, 0.0063540225272897535, 0.0, 0.0018117685838025727, 0.005688753361585747, 0.0, 0.0, 0.0, 0.0, 0.0, 0.0, 0.0, 0.0, 0.0, 0.0, 0.0, 0.0, 0.0, 8.080818855147136E-4, 3.084934057664715E-4, 0.0, 0.0, 0.0, 0.002959977703962581, 0.0, 0.0, 0.0, 0.0, 0.00666015441441465, 0.003768021826937276, 0.0, 0.001831103581462086, 0.0, 0.003363297052305534, 0.0, 0.0, 0.0, 0.0, 0.0012881225547995974, 0.0, 0.008781619076219863, 4.0511196877481904E-4, 0.0, 0.0, 0.0, 0.0, 7.882183184974668E-4, 0.0, 0.0, 0.0, 0.0, 0.0, 0.006847431507544887, 0.012157583955608805, 0.002114150519054663, 0.042270430057734155, 0.0, 0.0, 0.005002683234394088, 0.0029331860066025123, 0.0, 0.003086768956407786, 3.2726664713018206E-4, 2.5543802425618547E-4, 0.0022471581785753207, 0.0
