0.0, 0.0021766134154755992, 6.310670642777796E-4, 0.0, 0.044312751335782885, 0.0, 0.004783310902829066, 0.0, 0.002068339173198629, 8.660534990217702E-4, 0.018591671685643064, 0.0, 0.0, 0.0, 0.0, 1.253527874437135E-4, 8.716991261617301E-4, 0.0, 0.0023969754035135173, 0.001996829367119503, 0.03897104193250742, 0.006048939822272635, 8.111480853602052E-4, 1.4422070381553686E-4, 0.0, 0.0020289268009170713, 0.017327199181990913, 0.0022735783093376385, 4.585715215016251E-4, 5.867300237479613E-4, 4.934984167801059E-4, 6.412734269411442E-4, 1.7462757378578333E-4, 0.010636844640012496, 0.0032288943519466684, 6.306188538764186E-4, 0.0, 0.0, 4.7194584249394926E-4, 0.0018137519392008694, 8.04203183511186E-4, 0.0, 0.001243774642158434, 2.2279792099773378E-4, 0.0010910204128363353, 0.0, 0.0, 2.6810467309971243E-4, 8.138335256851241E-4, 7.694310679837988E-4, 0.0025251499374480974, 0.006053828359129062, 0.018845482287619758, 0.0013502445044745474, 0.005894822663076446, 0.0, 8.821817366132204E-4, 0.0347572821237512, 0.0027417164940362238, 7.354656232804338E-4, 2.5128386007228535E-4, 3.463570528442842E-4, 0.0, 0.0029781668010014097, 0.001631003528533659, 0.0, 0.0015902373936121296, 0.0021503843959535655, 0.0013985354572401245, 9.157630572057169E-4, 5.857379924911579E-4, 0.004650356550111631, 7.424159872602321E-4, 0.006656914278551802, 0.0011442676455393071, 8.278988189902887E-4, 0.0, 2.2331470080808855E-4, 2.0372569157983553E-4, 5.485540094784538E-4, 0.003178196319508464, 6.575961426417845E-4, 5.395173411532893E-4, 0.027895100949107153, 0.0048893910846039765, 0.0, 2.342016230984441E-4, 1.8543933611682523E-4, 4.793860932985443E-4, 0.0017370992814257698, 0.0, 1.7499071545335122E-4, 0.004315065937551664, 3.5550126558029976E-4, 1.841235883744165E-4, 8.489344583390664E-4, 0.015590413373184226, 0.0023168061531435463, 0.07372731676021786, 1.4705043685327363E-4, 5.767264317746495E-4, 0.0, 6.620279788907083E-4, 5.897093873718113E-4, 0.0, 0.0, 0.0, 0.0, 0.0, 0.007199257668820488, 3.458436906230597E-4, 0.007055739186221333, 0.0, 0.03766149739758545, 9.625051872089163E-4, 0.004775280111858734, 0.007443180580445885, 2.946947351549257E-4, 1.3279400980927716E-4, 0.0, 0.0, 0.0
0.0021766134154755992, 0.0, 0.01238760957748327, 0.0517487992689008, 0.004808358002254326, 0.0, 0.0, 0.013151501840300813, 0.0029664730389916457, 0.004896087863237496, 0.006650911616836781, 0.0, 0.0033339174097751544, 0.0, 0.0, 0.002941105850114749, 0.0, 0.030148163174565132, 0.03333969885601106, 0.0018950911722234135, 0.0529225299511805, 0.0, 0.0, 0.0, 5.510610268444402E-4, 0.00203774362534294, 3.991079623874331E-4, 0.0020194206858748635, 0.0, 5.967405788259249E-4, 6.27298101089486E-4, 0.0, 4.631297877451988E-4, 0.0, 0.0, 0.001214250862805567, 8.049004555078548E-4, 0.0, 0.0, 0.0, 0.0, 0.0, 0.0, 0.0, 0.0, 0.0, 0.0, 0.0, 0.00480681883950297, 0.0, 0.0, 0.03223583495459581, 0.005526635553857753, 0.0059777573987830025, 4.127105934963065E-4, 0.0, 0.0, 0.016060252309272022, 0.018091889548636463, 0.003089662626840261, 5.26561915497742E-4, 9.029385297485899E-4, 0.0018403720011399255, 0.0, 0.0, 0.0, 0.0, 0.0, 0.0, 0.0022884718753820635, 0.0, 0.0017960681970797861, 0.0, 0.006918883155719558, 0.0, 7.945727399834704E-4, 0.0012376052375833544, 8.971405135194883E-4, 0.0, 0.0, 0.0, 0.001266195386757145, 0.0, 0.0, 6.905585010941235E-4, 7.969994905164422E-4, 0.0, 0.0012367843585604451, 0.0, 0.0, 0.0, 0.0, 0.0, 0.009654527027574829, 0.0, 0.0016140185997932889, 0.0013049355302098273, 0.0, 0.0, 0.0, 9.608178363902218E-4, 0.0026072306998885593, 3.468176592972493E-4, 0.0, 4.2022239554682494E-4, 0.0, 0.0, 0.0, 0.0, 4.0835842541078624E-4, 4.396105094259964E-4, 0.0, 0.0, 8.843520782656594E-4, 0.0, 0.0, 0.0, 0.0, 0.0, 0.0, 0.0, 0.0
6.310670642777796E-4, 0.01238760957748327, 0.0, 0.0, 0.005027881239166041, 0.0, 0.024394395915937582, 0.0, 0.06732233652509348, 0.007094090485442375, 1.6462077774509994E-4, 0.0, 0.027759669849406688, 0.0, 0.0, 0.0025537225550075, 0.008428707451200855, 0.0, 0.024555132968489105, 9.193685696918458E-5, 0.013654151761339365, 0.0, 5.648295290741429E-4, 0.0, 0.0, 0.0, 0.0, 0.0, 0.004852292214728772, 3.0249555414476876E-4, 0.0, 0.007988510163934103, 0.0, 0.0, 0.0, 0.0, 0.0, 0.0, 0.0, 3.0891284061282815E-4, 0.0, 0.01369064686631332, 0.02485748624966965, 1.8631754706907022E-4, 7.299035689799565E-4, 0.0, 0.0, 2.2420588498310744E-4, 6.805784611866634E-4, 6.434463507715343E-4, 0.0, 0.0, 0.0, 8.209108781116018E-4, 0.0, 0.0, 0.0, 0.0, 0.0, 0.0, 0.0, 2.896454159313083E-4, 0.0, 0.0, 0.007148930189068311, 0.0, 0.0, 0.016184572535682375, 0.0, 3.829091531710866E-4, 4.898307196826314E-4, 2.54298189835933E-4, 0.0, 1.5898606200335198E-4, 0.0, 2.2500082101481372E-4, 0.0, 0.0, 0.0, 0.01651446536321526, 0.023920257681610435, 0.0, 0.0, 0.0, 0.0, 0.0, 0.0, 0.0, 0.0, 0.0011621367943877216, 0.0, 0.030913939194281252, 0.0, 0.0, 0.0, 5.32449041238204E-4, 0.0, 0.0, 0.0, 1.2297276638508593E-4, 0.015344116228227626, 0.0, 5.536291746603222E-4, 4.931518483057911E-4, 0.0, 0.0, 0.0, 0.0, 0.010338063814621623, 0.0, 0.0, 0.0, 0.0, 0.0, 0.0, 0.0, 0.0, 0.0, 0.0, 0.0, 0.007775050944616094, 0.0
0.0, 0.0517487992689008, 0.0, 0.0, 0.0, 0.0, 0.0, 0.0, 0.0, 0.0, 0.0, 0.0, 0.0, 0.0, 0.0, 0.0, 0.0, 0.0, 0.0, 0.0, 0.0, 0.0, 0.0, 0.0, 0.0, 0.0, 0.0, 0.0, 0.0, 0.0, 0.0, 0.0, 0.05727728340453592, 0.0, 0.0, 0.0, 0.0, 0.0, 0.0, 0.0, 0.0, 0.0, 0.0, 0.0, 0.0, 0.0, 0.0, 0.0, 0.0, 0.0, 0.0, 0.0, 0.0, 0.0, 0.0, 0.0, 0.0, 0.0, 0.0, 0.0, 0.0, 0.0, 0.0, 0.0, 0.0, 0.0, 0.0, 0.0, 0.0, 0.0, 0.0, 0.0, 0.0, 0.0, 0.0, 0.0, 0.0, 0.0, 0.0, 0.0, 0.0, 0.0, 0.0, 0.0, 0.0, 0.0, 0.0, 0.0, 0.0, 0.0, 0.0, 0.0, 0.0, 0.0, 0.0, 0.0, 0.0, 0.0, 0.0, 0.0, 0.0, 0.0, 0.0, 0.0, 0.0, 0.0, 0.0, 0.0, 0.0, 0.0, 0.0, 0.0, 0.0, 0.0, 0.0, 0.0, 0.0, 0.0, 0.0, 0.0, 0.0, 0.0
0.044312751335782885, 0.004808358002254326, 0.005027881239166041, 0.0, 0.0, 0.0, 2.2411588554457134E-4, 0.0, 0.012923218299773907, 0.0014056158154660955, 3.194949070104608E-4, 0.0, 0.01314569081201945, 0.0, 0.0, 0.004956247694965852, 0.001414778739933367, 0.0, 0.0, 1.7843043855427282E-4, 0.0015929477742392037, 0.0, 0.0010962173811846004, 0.0, 0.0, 0.0, 0.0, 0.0, 0.0, 5.870813530732299E-4, 0.0, 2.894571243422591E-4, 0.0, 0.0, 0.0, 0.0, 0.0, 0.0, 0.0, 5.995359798308971E-4, 0.0, 0.0, 0.0, 3.616038521420582E-4, 0.0014165919763721687, 0.0, 0.0, 4.351372855545155E-4, 0.0013208621362902524, 0.0012487963841617247, 0.08299159523437673, 0.0, 0.0, 0.001593218354685782, 0.0, 0.0, 0.0, 0.0, 0.0, 0.0, 0.0, 5.621418905714903E-4, 0.0, 0.0, 5.085762569341971E-4, 0.0, 0.0, 0.0, 0.0, 7.431475295012819E-4, 9.506601923494297E-4, 4.93540230021045E-4, 0.0, 3.085590882966913E-4, 0.0, 4.366800921006158E-4, 0.0, 0.0, 0.0, 0.0, 0.0, 0.0, 0.0, 0.0, 0.0, 0.0, 0.0, 0.0, 0.0, 0.0022554673361539993, 0.0, 2.840121510724071E-4, 0.0, 0.0, 0.0, 0.0010333735464524167, 0.0, 0.0, 0.0, 2.3866472446058907E-4, 6.240228766586453E-4, 0.0, 0.0010744798080729683, 9.571058166209245E-4, 0.0, 0.0, 0.0, 0.0, 0.007223056297332198, 0.0, 0.0, 0.0, 0.0, 0.0, 0.01019592588766303, 0.0, 0.0, 0.0, 0.0, 0.0, 0.0, 0.0
0.0, 0.0, 0.0, 0.0, 0.0, 0.0, 0.0, 0.0, 0.0, 0.0, 0.0, 0.0, 0.03311565145366868, 0.0, 0.0, 0.07660241992402832, 0.03438491910707062, 0.0, 0.008021037146628881, 0.004041046690819876, 0.0, 0.0, 0.0, 0.0, 0.0, 0.0, 0.0, 0.0, 0.0, 0.0, 0.0, 0.0, 0.0, 0.0, 0.0, 0.0, 0.0, 0.0, 0.0, 0.0, 0.0, 0.0, 0.03247920845491314, 0.0, 0.0, 0.0, 0.0, 0.0, 0.0, 0.0, 0.0, 0.0, 0.0, 0.0, 0.0, 0.0, 0.017411122669760817, 0.0, 0.0, 0.0, 0.0, 0.0, 0.0, 0.0, 0.0, 0.04441880192369854, 0.0, 0.0, 0.0, 0.0, 0.0, 0.0, 0.0, 0.0, 0.0, 0.0, 0.0, 0.0, 0.0, 0.0, 0.0, 0.0, 0.0, 0.0, 0.0, 0.0, 0.0, 0.0, 0.0, 0.0, 0.0, 0.0, 0.0, 0.0, 0.0, 0.0, 0.0, 0.0, 0.0, 0.0, 0.0, 0.0, 0.0, 0.0, 0.0, 0.0, 0.0, 0.0, 0.0, 0.0, 0.0, 0.0, 0.0, 0.0, 0.0, 0.008152855228197687, 0.0, 0.0, 0.0, 0.0, 0.0, 0.0
0.004783310902829066, 0.0, 0.024394395915937582, 0.0, 2.2411588554457134E-4, 0.0, 0.0, 0.0, 1.3826627130634017E-4, 1.584756553442769E-4, 2.152754620743509E-4, 0.0, 0.008167830106482865, 0.0, 0.0, 0.007342557224013368, 0.0, 0.05430925028104205, 0.03211087730537687, 1.2022631430128713E-4, 1.7959633042977392E-4, 0.0, 0.0, 0.0, 0.0, 0.0, 0.00444999670608375, 0.0, 0.0, 3.955750366747996E-4, 0.0, 1.9503602350522744E-4, 0.0, 0.00869139758990708, 0.0, 0.0, 0.0, 0.0, 0.0, 4.0396695614327676E-4, 0.0, 0.0, 0.0, 2.4364844211804008E-4, 0.0, 0.0, 0.0, 2.9319522207738995E-4, 8.899960546697801E-4, 8.414381974119913E-4, 0.0, 0.0, 0.0, 1.796268369260178E-4, 0.002971418940638521, 0.0, 0.0, 0.0, 0.0, 0.0, 0.0, 3.7877084294230873E-4, 0.0, 0.0, 3.4267835358004124E-4, 0.0, 0.0, 0.0, 0.0, 5.007323255940437E-4, 6.405542238487517E-4, 3.3254708835337766E-4, 0.0, 0.003776268446773698, 0.0, 2.942347641321001E-4, 0.0, 0.0, 0.0, 0.0, 0.0, 0.0, 0.0, 0.0, 0.0, 0.0, 0.0, 0.0, 0.0, 0.0, 0.0, 0.003475853297711977, 0.0, 0.0, 0.002777874051880726, 6.962864284427265E-4, 0.0, 0.0, 0.0, 1.6081213725706973E-4, 4.2046621141681345E-4, 0.0, 0.0, 0.0, 0.0, 0.005113466911833679, 0.0, 0.0, 0.0, 0.0, 0.007658741114822882, 0.0, 0.0, 0.0, 0.0, 0.005222174222817254, 0.0, 0.004446061828580334, 0.0, 0.0, 0.0, 0.0
0.0, 0.013151501840300813, 0.0, 0.0, 0.0, 0.0, 0.0, 0.0, 0.0, 0.0, 0.0, 0.0, 0.0, 0.0, 0.0, 0.029248963333725033, 0.0, 0.0, 0.0307763108912468, 0.0, 0.0, 0.0, 0.0, 0.0, 0.0, 0.0, 0.0, 0.0, 0.02289561269267639, 0.0, 0.0, 0.0, 0.0, 0.0, 0.0, 0.0, 0.0, 0.0, 0.0, 0.0, 0.0, 0.0, 0.0, 0.0, 0.0, 0.0, 0.0, 0.0, 0.0, 0.0, 0.0, 0.0, 0.0, 0.0, 0.0, 0.0, 0.0, 0.0, 0.0, 0.0, 0.0, 0.0, 0.0, 0.0, 0.0, 0.0, 0.0, 0.0, 0.0, 0.0, 0.0, 0.0, 0.0, 0.0, 0.0, 0.0, 0.0, 0.0, 0.0, 0.0, 0.0, 0.0, 0.0, 0.0, 0.0, 0.0, 0.0, 0.0, 0.0, 0.0, 0.0, 0.0, 0.0, 0.0, 0.008633295802775531, 0.0, 0.0, 0.0, 0.0, 0.0, 0.0, 0.0, 0.0, 0.00691266070768392, 0.0, 0.0, 0.0, 0.0, 0.0, 0.0, 0.0, 0.0, 0.0, 0.0, 0.0, 0.0, 0.0, 0.0, 0.0, 0.0, 0.03668669305476036, 0.0
0.002068339173198629, 0.0029664730389916457, 0.06732233652509348, 0.0, 0.012923218299773907, 0.0, 1.3826627130634017E-4, 0.0, 0.0, 0.03137503045590094, 1.9710949710843617E-4, 0.0, 0.008110115210742015, 0.002201895413197572, 0.0, 0.00305771224912696, 8.728349649055357E-4, 0.0, 0.0, 1.1008104743002649E-4, 9.827547413455695E-4, 0.0, 6.763014119650703E-4, 0.0, 0.0, 0.0, 0.0, 0.0, 0.0, 3.621945380876314E-4, 0.0, 1.785779584013485E-4, 0.0, 0.0024561655002564363, 0.0049019798467894405, 0.0, 0.0, 0.0, 0.0, 3.6987830757193393E-4, 0.0, 0.0, 0.0, 2.2308823046703755E-4, 8.739536247487714E-4, 0.0, 0.13635172295562364, 2.6845401803532443E-4, 8.148939645702143E-4, 7.7043364971352E-4, 0.0025284402506384994, 0.0, 0.0025610659439162407, 9.82921673508124E-4, 0.0, 0.0, 0.0, 0.008700642862944535, 0.0020041202613982328, 0.0, 0.0, 3.468083619577201E-4, 0.0, 0.0029820474028473564, 3.1376152810569906E-4, 0.0, 0.0, 0.0021531863832880646, 0.0, 4.584781559994581E-4, 5.865012190284148E-4, 0.0034658684261326092, 0.0, 1.9036274252849682E-4, 0.0, 2.6940583859885996E-4, 0.0, 0.0, 0.0, 0.01977367624758983, 0.0, 0.01333367328173722, 0.0, 0.0, 0.0, 0.0, 0.0, 0.0, 0.0, 0.001391490200997986, 0.0, 1.7521873132310818E-4, 0.0, 0.0, 0.0, 6.37530475750989E-4, 0.0037969276207953533, 0.002116022578421629, 0.0, 1.4724204606619888E-4, 3.849852773969822E-4, 0.0, 6.628906125739821E-4, 5.904777887039454E-4, 0.0, 0.0, 0.0, 0.0, 0.016834530847090932, 0.0026919860881786588, 0.0, 0.0, 0.0, 0.009312671488891809, 0.006290284383801912, 0.0024395420320533, 0.0, 0.0, 0.0, 0.0, 0.0, 0.0
8.660534990217702E-4, 0.004896087863237496, 0.007094090485442375, 0.0, 0.0014056158154660955, 0.0, 1.584756553442769E-4, 0.0, 0.03137503045590094, 0.0, 0.007825853947342325, 0.0, 0.0, 0.0, 0.0, 1.4386191121738132E-4, 0.011567251713092443, 0.01823824775046805, 0.005391771500708594, 1.2617080049701125E-4, 0.08038068769282963, 0.009120507633824212, 7.751515135167294E-4, 0.005567951295174509, 0.0, 0.0045638806665154975, 0.0, 0.0, 0.0, 4.151339024568244E-4, 0.0, 2.0467941111245558E-4, 0.0, 0.0, 0.0, 0.0, 0.0, 0.0, 0.0, 4.239407531300542E-4, 0.0, 0.0, 0.0, 2.556954287465312E-4, 0.001001693125257634, 0.0, 0.0, 3.0769200641632947E-4, 9.340011403449117E-4, 8.830423818049003E-4, 0.0, 0.0, 0.0, 0.04076046476124603, 0.0, 0.0, 0.0, 0.0, 0.0, 0.0, 0.0, 3.9749883988955643E-4, 0.0, 0.0, 0.009810931919875475, 0.0, 0.0, 0.0, 0.0, 5.254906026363498E-4, 6.722258737983577E-4, 3.4898959170743534E-4, 0.0, 2.1818669217236675E-4, 0.0, 3.0878294772943E-4, 0.0, 0.0, 0.0, 0.0, 0.0, 0.0, 0.0, 0.0, 0.0, 0.0, 0.0, 0.0, 0.0, 0.001594874291646452, 0.0, 2.0082919003073642E-4, 0.0, 0.0, 0.0, 7.307137090776076E-4, 0.0, 0.0, 0.0, 1.6876335438940188E-4, 4.412557998198318E-4, 0.0, 7.59780554264602E-4, 6.76783669994045E-4, 0.0, 0.0, 0.0, 0.0, 0.0, 0.0, 0.0, 0.0, 0.0, 0.0, 0.0, 0.0, 0.0, 0.0, 0.0, 0.0, 0.0, 0.0
0.018591671685643064, 0.006650911616836781, 1.6462077774509994E-4, 0.0, 3.194949070104608E-4, 0.0, 2.152754620743509E-4, 0.0, 1.9710949710843617E-4, 0.007825853947342325, 0.0, 0.029762182062914058, 0.0, 0.05599506988415354, 0.03673585823278084, 0.04128331059189374, 0.0, 0.012387540544883729, 0.007324254938039454, 1.713921126767294E-4, 2.5602876275661893E-4, 0.0, 0.0, 0.0, 0.0, 0.0, 0.01762172775968137, 0.0, 0.0, 5.639234775838319E-4, 0.0, 2.780392654544789E-4, 0.0, 0.0, 0.0, 0.0, 0.0, 0.0, 0.0, 5.758868220103346E-4, 0.0, 0.0, 0.0, 3.4734011008900764E-4, 0.0, 0.0, 0.0, 4.179729606668042E-4, 0.0012687597134646133, 0.001199536650353725, 0.0, 0.0, 0.0, 2.560722521779822E-4, 0.0, 0.0, 0.0, 0.0, 0.0, 0.0, 0.0, 5.399677713611233E-4, 0.0, 0.0, 4.885150753393575E-4, 0.0, 0.0, 0.0, 0.0, 7.138335036540025E-4, 9.131606699205354E-4, 4.7407215607182763E-4, 0.0, 2.9638773774963076E-4, 0.0, 4.19454910022139E-4, 0.0, 0.0, 0.0, 0.0, 0.0, 0.0, 0.0, 0.0, 0.0, 0.0, 0.0, 0.04885762727727459, 0.0, 0.0, 0.0, 2.728090733429217E-4, 0.0, 0.0, 0.0, 9.926113321570538E-4, 0.0, 0.0, 0.0, 2.2925041084998393E-4, 5.994078143601256E-4, 0.0, 0.0, 0.0, 0.0, 0.0, 0.0, 0.0, 0.0, 0.0, 0.0, 0.0, 0.0, 0.0, 0.0, 0.0, 0.0, 0.0, 0.0, 0.0, 0.0, 0.0
0.0, 0.0, 0.0, 0.0, 0.0, 0.0, 0.0, 0.0, 0.0, 0.0, 0.029762182062914058, 0.0, 0.021483296458340257, 0.07143088306501368, 0.0, 0.01895207383005786, 0.0, 0.0, 0.0, 0.046747921222336536, 0.0, 0.0, 0.0, 0.0, 0.0, 0.0, 0.0, 0.0, 0.0, 0.0, 0.0, 0.0, 0.0, 0.0, 0.0, 0.0, 0.0, 0.0, 0.0, 0.0, 0.0, 0.0, 0.0, 0.0, 0.0, 0.0, 0.0, 0.0, 0.0, 0.0, 0.0, 0.0, 0.0, 0.0, 0.0, 0.0, 0.0, 0.0, 0.0, 0.024096649632978397, 0.0, 0.0, 0.0, 0.0, 0.0, 0.0, 0.0, 0.0, 0.0, 0.0, 0.0, 0.0, 0.0, 0.0, 0.0, 0.0, 0.0, 0.0, 0.0, 0.0, 0.0, 0.0, 0.0, 0.0, 0.0, 0.0, 0.0, 0.0, 0.0, 0.0, 0.0, 0.0, 0.0, 0.0, 0.0, 0.0, 0.0, 0.017309681082338386, 0.0, 0.0, 0.0, 0.0, 0.0, 0.0, 0.0, 0.0, 0.0, 0.0, 0.0, 0.0, 0.0, 0.0, 0.0, 0.0, 0.015881592160474075, 0.0, 0.0, 0.0, 0.0, 0.0, 0.0, 0.0
0.0, 0.0033339174097751544, 0.027759669849406688, 0.0, 0.01314569081201945, 0.03311565145366868, 0.008167830106482865, 0.0, 0.008110115210742015, 0.0, 0.0, 0.021483296458340257, 0.0, 0.0, 0.05966351847608837, 0.048211625344832434, 0.06046380816309631, 0.0, 0.0, 0.008323633845168748, 0.0, 0.0, 0.0, 0.0, 0.0, 0.0, 0.0, 0.0, 0.0, 0.0, 0.0, 0.0, 0.0, 0.0, 0.0, 0.0, 0.0, 0.0, 0.0, 0.0, 0.0, 0.0, 0.0, 0.0, 0.0, 0.0, 0.0, 0.0, 0.0, 0.0, 0.0, 0.0, 0.0, 0.0, 0.0, 0.0, 0.0, 0.0, 0.0, 0.029795099141993336, 0.0, 0.0, 0.0, 0.0, 0.0, 0.0, 0.0, 0.0, 0.0, 0.0, 0.0, 0.0, 0.0, 0.0, 0.0, 0.0, 0.0, 0.0, 0.0, 0.050001653788462566, 0.0, 0.0, 0.0, 0.0, 0.0, 0.0, 0.0, 0.0, 0.0, 0.0, 0.0, 0.0, 0.0, 0.0, 0.0, 0.0, 0.0, 0.0, 0.0, 0.0, 0.0, 0.0, 0.0, 0.0, 0.0, 0.0, 0.0, 0.0, 0.005008169759858114, 0.0, 0.007881063753366668, 0.0, 0.0, 0.0, 0.007069435098160363, 0.0, 0.0, 0.0, 0.0, 0.0, 0.0, 0.0
0.0, 0.0, 0.0, 0.0, 0.0, 0.0, 0.0, 0.0, 0.002201895413197572, 0.0, 0.05599506988415354, 0.07143088306501368, 0.0, 0.0, 0.023909990936721796, 0.0, 0.0, 0.0, 0.006666926808549429, 0.016975160709430188, 0.01557153638792245, 0.0, 0.0, 0.0, 0.0, 0.0, 0.0, 0.0, 0.0, 0.0, 0.040560547378787414, 0.0, 0.0, 0.0, 0.004967513104154954, 0.0, 0.00768797112088893, 0.0, 0.0, 0.0, 0.005534578220609206, 0.0, 0.0, 0.0, 0.008372894086652732, 0.0, 0.0, 0.0, 0.0, 0.0, 0.0, 0.0, 0.0025953041494736623, 0.0, 0.0033356883179147456, 0.0, 0.0, 0.0, 0.0, 0.05708957867066568, 0.0, 0.0, 0.0, 0.0, 0.014855616591262902, 0.0, 0.0, 0.0, 0.0, 0.0, 0.0, 0.0, 0.0, 0.0, 0.0, 0.0, 0.0, 0.0, 0.019316672282446212, 0.0, 0.036279915557220564, 0.0, 0.0, 0.021866226600405027, 0.0, 0.0, 0.0, 0.0, 0.0, 0.013331142231855176, 0.0, 0.0, 0.0, 0.0, 0.014130325025776555, 0.0, 0.0038476877305364775, 0.010855575036232709, 0.0, 0.03137150459635193, 0.0, 0.0, 0.0, 0.0, 0.0, 0.0, 0.009882685443480735, 0.0, 0.0, 0.0027279745301255465, 0.0, 0.02863752853065869, 0.0, 0.0, 0.009959964864331356, 0.002472155616938853, 0.0, 0.011307981850365776, 0.0, 0.0, 0.0, 0.0
0.0, 0.0, 0.0, 0.0, 0.0, 0.0, 0.0, 0.0, 0.0, 0.0, 0.03673585823278084, 0.0, 0.05966351847608837, 0.023909990936721796, 0.0, 0.0, 0.0, 0.0, 0.0, 0.0, 0.0, 0.0, 0.0, 0.0, 0.0, 0.0, 0.0, 0.0, 0.0, 0.0, 0.0, 0.0, 0.0, 0.0, 0.0, 0.0, 0.0, 0.0, 0.0, 0.0, 0.0, 0.0, 0.0, 0.0, 0.0, 0.0, 0.0, 0.0, 0.0, 0.0, 0.0, 0.0, 0.0, 0.0, 0.0, 0.0, 0.0, 0.0, 0.0, 0.0, 0.0, 0.0, 0.0, 0.0, 0.0, 0.0, 0.0, 0.0, 0.0, 0.0, 0.0, 0.0, 0.0, 0.0, 0.0, 0.0, 0.0, 0.0, 0.0, 0.0, 0.0, 0.0, 0.0, 0.0, 0.0, 0.0, 0.0, 0.0, 0.0, 0.0, 0.0, 0.0, 0.0, 0.0, 0.0, 0.0, 0.0, 0.0, 0.0, 0.0, 0.0, 0.0, 0.0, 0.0, 0.0, 0.0, 0.0, 0.0, 0.0, 0.0, 0.0, 0.0, 0.0, 0.0, 0.0, 0.0, 0.0, 0.0, 0.0, 0.0, 0.0, 0.0
1.253527874437135E-4, 0.002941105850114749, 0.0025537225550075, 0.0, 0.004956247694965852, 0.07660241992402832, 0.007342557224013368, 0.029248963333725033, 0.00305771224912696, 1.4386191121738132E-4, 0.04128331059189374, 0.01895207383005786, 0.048211625344832434, 0.0, 0.0, 0.0, 0.09725473048991211, 0.0, 0.0, 0.0037805996172797104, 1.6303495503537405E-4, 0.0, 0.0, 0.0, 0.0, 0.0, 0.0, 0.0, 0.0, 3.590973054018516E-4, 0.0, 0.03740199954694939, 0.0, 0.0, 0.014883938547071011, 0.0, 0.0, 0.0, 0.0, 3.66715368699301E-4, 0.0, 0.0, 0.0, 2.211805369858948E-4, 0.0, 0.0, 0.0, 2.661583882787908E-4, 8.079255651132879E-4, 7.638454435668553E-4, 0.0, 0.0, 0.0, 1.6306264839208964E-4, 0.0, 0.0, 0.0, 0.0, 0.0, 0.014785063008927752, 0.0, 3.4384270101752855E-4, 0.0, 0.0, 3.110784604219063E-4, 0.0, 0.0, 0.0, 0.0, 4.545575736020118E-4, 5.814858735308939E-4, 3.0188144416479283E-4, 0.0, 1.887348943797451E-4, 0.0, 2.6710206954299855E-4, 0.0, 0.0, 0.0, 0.0, 0.0, 0.0, 0.0, 0.0, 0.0, 0.0, 0.0, 0.0, 0.0, 0.0, 0.0, 0.03669843114028148, 0.0, 0.0, 0.0, 6.32078763977249E-4, 0.0, 0.0, 0.0, 1.459829357543615E-4, 3.816931543545043E-4, 0.0, 0.006941907784455289, 0.0, 0.0, 0.0, 0.0, 0.0, 0.0, 0.0, 0.0069524945765579845, 0.0, 0.0, 0.0, 0.0, 0.0, 0.0, 0.0, 0.0, 0.0, 0.0, 0.0
8.716991261617301E-4, 0.0, 0.008428707451200855, 0.0, 0.001414778739933367, 0.03438491910707062, 0.0, 0.0, 8.728349649055357E-4, 0.011567251713092443, 0.0, 0.0, 0.06046380816309631, 0.0, 0.0, 0.09725473048991211, 0.0, 0.0, 0.0, 0.005130528607354873, 0.0011337396697458106, 0.0, 9.369876512924424E-4, 0.0, 0.0, 0.0, 0.0, 0.0, 0.0, 0.0, 0.0, 0.0, 0.0, 0.0, 0.0, 0.0, 0.0, 0.0, 0.0, 0.0, 0.0, 0.0, 0.0, 0.0, 0.0012108266221306687, 0.0, 0.0, 0.0, 0.0, 0.0, 0.0, 0.0, 0.0, 0.001133932248429873, 0.0, 0.0, 0.0, 0.0, 0.0, 0.03673025780577746, 0.0, 0.0, 0.0, 0.0, 0.011424554718826328, 0.0, 0.0, 0.0, 0.0, 0.0, 0.0, 0.0, 0.0, 0.0, 0.0, 0.0, 0.0, 0.0, 0.0, 0.0, 0.0, 0.0, 0.0, 0.0, 0.0, 0.0, 0.0, 0.0, 0.0, 0.0019278521560988412, 0.0, 0.0, 0.0, 0.0, 0.0, 0.0, 0.0, 0.0, 0.0, 0.0, 0.0, 0.0, 9.184075430727971E-4, 8.180825687920348E-4, 0.0, 0.0, 0.0, 0.0, 0.0, 0.0, 0.0, 0.0, 0.0, 0.0, 0.0, 0.0, 0.0, 0.0, 0.0, 0.0, 0.0, 0.0
0.0, 0.030148163174565132, 0.0, 0.0, 0.0, 0.0, 0.05430925028104205, 0.0, 0.0, 0.01823824775046805, 0.012387540544883729, 0.0, 0.0, 0.0, 0.0, 0.0, 0.0, 0.0, 0.03320038601101544, 0.0, 0.0, 0.0148660044301179, 0.0, 0.009075502367189873, 0.0, 0.0074389138116976545, 0.0, 0.0, 0.0, 0.0, 0.0, 0.0, 0.0, 0.0, 0.0, 0.0, 0.0, 0.0, 0.0, 0.0, 0.0, 0.0, 0.0, 0.0, 0.0, 0.0, 0.0, 0.0, 0.0, 0.0, 0.0, 0.0, 0.0, 0.0, 0.0, 0.0, 0.0, 0.0, 0.0, 0.0, 0.0, 0.0, 0.0, 0.0, 0.0, 0.0, 0.0, 0.0, 0.0, 0.0, 0.0, 0.11959794733356977, 0.0, 0.0, 0.0, 0.0, 0.0, 0.0, 0.0, 0.0, 0.0, 0.0, 0.0, 0.0, 0.0, 0.0, 0.0, 0.0, 0.0, 0.0, 0.0, 0.0, 0.0, 0.0, 0.0, 0.0, 0.0, 0.0, 0.0, 0.0, 0.0, 0.0, 0.0, 0.0, 0.0, 0.0, 0.0, 0.0, 0.0, 0.0, 0.0, 0.0, 0.0, 0.0, 0.0, 0.0, 0.0, 0.0, 0.0, 0.0, 0.0, 0.0
0.0023969754035135173, 0.03333969885601106, 0.024555132968489105, 0.0, 0.0, 0.008021037146628881, 0.03211087730537687, 0.0307763108912468, 0.0, 0.005391771500708594, 0.007324254938039454, 0.0, 0.0, 0.006666926808549429, 0.0, 0.0, 0.0, 0.03320038601101544, 0.0, 0.00494725089668541, 0.00311752762026292, 0.0, 0.0, 0.0, 0.0, 0.002244046330820866, 0.0, 0.002223868363106075, 0.0, 0.0, 0.002183288842043479, 0.0, 0.0016119068370299661, 0.0, 0.0032755369137056948, 0.0, 0.004190001352066255, 0.001797796644254636, 0.0, 0.0, 0.0, 0.0, 0.0, 0.0, 0.004563289454672933, 0.0, 0.0, 0.0, 0.0, 0.0, 0.0, 0.0017316787932028295, 0.0, 0.009549050077243347, 0.0018179749042187276, 0.0, 0.017623873336319373, 0.009610616728983898, 0.0, 0.0, 0.0, 0.0, 0.0, 0.0, 0.0, 0.0, 0.0, 0.0, 0.033687121670714075, 0.0, 0.0, 0.0, 0.0, 0.0, 0.0, 0.0, 0.0, 0.0, 0.0, 0.0, 0.007909129357917103, 0.0, 0.0, 0.0, 0.0, 0.0, 0.0, 0.001711705243684393, 0.0, 0.010472444458049502, 0.0, 0.0, 0.0, 0.0, 0.02490917890683134, 0.0, 0.0, 0.0, 0.0, 0.0, 0.0, 0.0, 0.0, 0.013778444748408855, 0.0, 0.0, 0.0, 0.0, 0.0, 0.0, 0.0, 0.0, 0.0, 0.0, 0.0, 0.008252476913545236, 0.0, 0.006162934081975954, 0.030880187568852767, 0.0, 0.002031238985618595, 0.0
0.001996829367119503, 0.0018950911722234135, 9.193685696918458E-5, 0.0, 1.7843043855427282E-4, 0.004041046690819876, 1.2022631430128713E-4, 0.0, 1.1008104743002649E-4, 1.2617080049701125E-4, 1.713921126767294E-4, 0.046747921222336536, 0.008323633845168748, 0.016975160709430188, 0.0, 0.0037805996172797104, 0.005130528607354873, 0.0, 0.00494725089668541, 0.0, 0.0025970941111127977, 0.0, 0.0, 0.004310288394162054, 0.0, 0.00706602512355697, 0.0, 0.001750622247563282, 0.0, 3.149380826062409E-4, 0.0, 1.552784316174599E-4, 0.0, 0.003530448234559116, 0.0, 0.0, 0.003298356011505319, 0.0, 0.0, 3.2161933086954057E-4, 0.0, 0.0, 0.0, 1.939813336950684E-4, 0.003592207242996922, 0.0, 0.0, 2.3342812996128247E-4, 7.085726474070907E-4, 6.699131844925802E-4, 0.0, 0.0, 0.0, 1.4301036810017664E-4, 0.0014311041811809013, 0.0, 0.0, 0.0, 0.0, 0.01296690152000276, 0.0, 3.015593805568362E-4, 0.0, 0.0, 2.728242523450342E-4, 0.0, 0.0, 0.0, 0.0, 3.9865932857435657E-4, 5.099788923993707E-4, 2.647582194839065E-4, 0.0, 1.6552562456666607E-4, 0.0, 2.3425576404115519E-4, 0.0, 0.0, 0.0, 0.0, 0.0, 0.0, 0.0, 0.0, 0.0, 0.0, 0.0, 0.0, 0.002759835320133045, 0.005719435261820779, 0.0, 1.5235749155954E-4, 0.0, 0.0, 0.008273918745033457, 5.543502303932661E-4, 0.0, 0.0, 0.0, 1.280309965797688E-4, 3.347552553807487E-4, 0.0, 0.0, 0.0, 0.0, 0.0, 0.0, 0.0, 0.0, 0.0, 0.0, 0.0, 0.0, 0.0, 0.0, 0.0, 0.004343893895066131, 0.004851442510340024, 0.0, 0.0, 0.0, 0.0
0.03897104193250742, 0.0529225299511805, 0.013654151761339365, 0.0, 0.0015929477742392037, 0.0, 1.7959633042977392E-4, 0.0, 9.827547413455695E-4, 0.08038068769282963, 2.5602876275661893E-4, 0.0, 0.0, 0.01557153638792245, 0.0, 1.6303495503537405E-4, 0.0011337396697458106, 0.0, 0.00311752762026292, 0.0025970941111127977, 0.0, 3.0725426952886924E-4, 0.0010549864452205524, 1.875747356020621E-4, 0.0, 0.002638840320213151, 6.151464620401192E-4, 0.00276747928965957, 4.1780457892309016E-4, 4.7046043353642374E-4, 0.0, 2.3195784280220447E-4, 0.0, 3.0727544590803795E-4, 0.0010795703947370932, 0.0, 0.0, 0.0, 0.0, 0.0023589819730631444, 5.277191143695197E-4, 0.0, 0.0016176644093334697, 2.897729661428602E-4, 0.0011351927153869933, 0.0, 0.0, 3.486993326192474E-4, 0.0010584791528942443, 0.001000728919792757, 0.0, 7.668638301662334E-4, 0.0, 0.0014903646821000603, 2.0590087822103E-4, 0.016244991232959662, 0.0011473734465326207, 0.0, 0.0, 0.0, 0.0, 4.504750766871316E-4, 0.0, 0.0, 0.04325124390882183, 0.0, 0.0, 0.0, 0.0, 0.03249332222881952, 7.618160650092135E-4, 0.022730433978770722, 0.0, 4.945305848729891E-4, 0.0014882447207063693, 8.59098119141622E-4, 0.0, 0.0, 0.02502470400810512, 0.0, 0.0, 0.0, 0.0, 8.728351324060082E-4, 0.0, 0.0, 3.046047229560937E-4, 0.0, 0.0, 0.001807429473342335, 0.0, 2.275944875845345E-4, 2.3037591660559115E-4, 0.0, 0.0, 0.0011041317394352877, 0.0011235546746864171, 2.647223003775999E-4, 0.0, 1.9125511166690772E-4, 7.500955486475474E-4, 0.0, 8.610395027639182E-4, 7.669812966645989E-4, 0.0, 0.0, 0.0, 0.0, 0.0, 7.965897313919202E-4, 0.0, 0.0, 0.0, 0.0, 9.49677396876311E-4, 0.0, 3.7807435342564547E-4, 0.0, 1.7271307531110095E-4, 0.0, 0.0, 0.0
0.006048939822272635, 0.0, 0.0, 0.0, 0.0, 0.0, 0.0, 0.0, 0.0, 0.009120507633824212, 0.0, 0.0, 0.0, 0.0, 0.0, 0.0, 0.0, 0.0148660044301179, 0.0, 0.0, 3.0725426952886924E-4, 0.0, 5.956242947542787E-4, 0.012148209531438092, 0.0, 0.0074400426110241506, 5.078588850705975E-4, 0.005612091755871344, 2.569393270762727E-4, 4.2096757816306203E-4, 0.0, 0.0, 3.2671253144181064E-4, 4.4201203850366763E-4, 0.0, 0.0, 0.0, 0.0, 0.0, 0.0025510201369769773, 4.356797244111732E-4, 0.0, 5.951330515441751E-4, 0.0, 0.003815282540177334, 0.0, 0.028504345842112422, 6.74952693610474E-4, 0.02205686451262404, 0.0019370403577042528, 0.0, 2.821265082748099E-4, 0.00686017328442982, 0.0015166442996695172, 2.961859404132498E-4, 0.0, 0.0, 0.0, 4.4869326375149266E-4, 0.0, 0.0014871138532995, 0.0, 0.0, 0.11283063131854297, 0.0, 0.04387624968847542, 0.004648736819565985, 0.005091832601757738, 3.3718227213463996E-4, 0.0020093706273617866, 0.0, 5.689231649191331E-4, 0.0070317808018161175, 0.009107464155742744, 5.475200028932013E-4, 3.1312212496840996E-4, 6.233882816370349E-4, 4.1780178025425284E-4, 3.8115250056346107E-4, 0.0, 0.0, 0.0, 0.0, 0.0912511879716284, 0.0, 0.0, 4.3817023561317333E-4, 0.018651125335361916, 4.6494694308956693E-4, 0.006777641656940024, 0.005279255329811051, 0.0, 0.030738501235527307, 6.651109895793721E-4, 0.0010896550972754216, 9.313675364601502E-4, 0.010583953432217378, 0.009276707450349784, 0.0, 3.7019902451980197E-4, 0.009245876555698472, 0.0013132758463503076, 3.3491608353350936E-4, 2.9833053094288815E-4, 8.116036491036205E-4, 0.0, 0.0, 0.011543112885612238, 3.330520025807893E-4, 2.9306256287567296E-4, 0.0, 0.0, 0.0, 0.0, 0.008946018890423483, 0.0, 0.0139255234250639, 0.005152716046786906, 2.4844568451897966E-4, 0.0, 0.004348641444982716, 0.0
8.111480853602052E-4, 0.0, 5.648295290741429E-4, 0.0, 0.0010962173811846004, 0.0, 0.0, 0.0, 6.763014119650703E-4, 7.751515135167294E-4, 0.0, 0.0, 0.0, 0.0, 0.0, 0.0, 9.369876512924424E-4, 0.0, 0.0, 0.0, 0.0010549864452205524, 5.956242947542787E-4, 0.0, 1.5502254674830434E-4, 0.0, 0.0, 1.300224826388943E-4, 1.259247151903206E-4, 0.0, 0.0, 0.04296729753969335, 0.0, 0.0, 2.5395009634421794E-4, 0.0, 0.0, 0.0, 0.0, 0.0, 0.0037846073931073086, 0.01273860113749353, 0.004820830734371215, 0.002338848508084768, 6.216262939202351E-4, 9.38188531758112E-4, 0.0, 0.0036141596990922533, 0.0011358181942308085, 0.0011771147769453324, 0.0032596739031751634, 6.785696572477033E-4, 0.0011087456179044441, 0.0, 0.001988603365580051, 1.701683247324574E-4, 0.0, 0.0, 0.0, 0.0, 0.0, 5.842900971689124E-4, 0.0, 0.0, 0.0, 0.0, 6.292246625531242E-4, 0.0, 0.0, 0.0, 0.001154447888200523, 8.171309136324044E-4, 3.268646099159863E-4, 0.0, 2.043542550276596E-4, 3.1456780669552117E-4, 0.0, 3.581565667702236E-4, 0.0016276822106673857, 2.1898433935782356E-4, 0.047760808424953484, 0.0, 0.0, 0.0, 0.0, 0.0, 0.06909190306786418, 2.5174285733444053E-4, 0.0013669231053337785, 2.671269348053411E-4, 0.06500919116477559, 0.0050139025642162065, 0.020804997279190766, 0.0018147543253724172, 0.002591155368459455, 4.281277329607611E-4, 0.0011272514551975738, 2.3748387936552175E-4, 2.1878173014017562E-4, 0.0, 0.0015461141556068615, 0.0010210693386794928, 0.002209995773702911, 0.0017391889875013277, 0.005177738639054791, 0.0014782114601210568, 0.0, 0.003418480500582598, 0.002228633975295856, 5.604637595158363E-4, 1.683738441357928E-4, 0.0, 0.0, 0.0, 0.0, 2.0073172889328473E-4, 0.0, 3.124623843405153E-4, 0.0, 1.4274001616219903E-4, 0.0, 0.0, 0.0
1.4422070381553686E-4, 0.0, 0.0, 0.0, 0.0, 0.0, 0.0, 0.0, 0.0, 0.005567951295174509, 0.0, 0.0, 0.0, 0.0, 0.0, 0.0, 0.0, 0.009075502367189873, 0.0, 0.004310288394162054, 1.875747356020621E-4, 0.012148209531438092, 1.5502254674830434E-4, 0.0, 0.0, 0.04683408949932188, 0.013048392226362142, 1.3380523640340114E-4, 0.0, 0.01930319739898859, 0.0, 0.0, 0.0, 0.009532602904395667, 0.068496987951533, 0.0, 0.0, 0.0, 0.019405465024462085, 4.2191282421649603E-4, 1.1852361277506968E-4, 0.0, 3.63320988061838E-4, 0.0, 0.002079954995110147, 0.0, 0.00768067638200791, 0.0, 0.08685972538623674, 0.0, 0.0, 1.7223456415146142E-4, 0.0, 0.017718400858181032, 1.808176646243263E-4, 0.0, 0.0, 0.0, 0.0, 0.0, 0.0, 0.0, 0.0, 0.0, 0.0, 0.0, 0.045407893919298906, 0.022104871696883816, 0.0, 5.229769080244935E-4, 0.0, 3.4732019314565743E-4, 0.0, 2.171429918478683E-4, 3.342538410841606E-4, 0.0, 0.0, 0.0, 2.3268864457728387E-4, 0.0, 0.0, 0.0, 0.0, 0.0, 0.0, 0.0, 2.6749723029027524E-4, 0.0017676363746640556, 0.007240919948074226, 0.0033116596948088257, 0.0032229167203550986, 0.0, 2.023111100167078E-4, 0.0, 0.0058025572078278225, 2.4240610856934744E-4, 2.523459082077241E-4, 2.3247335582936876E-4, 0.0, 0.0, 2.195725220202897E-4, 0.0, 0.0, 0.0, 0.0, 0.0, 0.0, 0.00623842094068116, 0.0, 1.7891088325821305E-4, 0.0, 0.0, 0.0, 0.0, 2.1329376363992723E-4, 0.0, 0.011728996662562633, 0.0028090757020056735, 1.5167285927898964E-4, 0.0, 0.0, 0.0
0.0, 5.510610268444402E-4, 0.0, 0.0, 0.0, 0.0, 0.0, 0.0, 0.0, 0.0, 0.0, 0.0, 0.0, 0.0, 0.0, 0.0, 0.0, 0.0, 0.0, 0.0, 0.0, 0.0, 0.0, 0.0, 0.0, 0.0, 0.002186826816008877, 0.0016088552733573304, 0.0, 0.001812370778282923, 0.001905177539499279, 0.0, 0.00253762073067974, 0.0045854090174877, 0.0, 0.0, 9.140120534357589E-4, 0.0, 0.0, 0.0, 0.0, 0.0, 0.0, 0.0, 0.0, 0.0, 0.003675879838227656, 0.0, 0.008155230703279401, 0.004366886692772199, 0.0, 0.0, 6.475504834051857E-4, 0.0, 0.0, 0.0, 0.0, 7.183368003747082E-4, 0.05360996977540082, 0.0012312031095894835, 0.0, 0.0, 0.0, 0.0, 0.03873021732492746, 0.0, 0.0, 0.0, 0.001989462320345897, 0.0, 0.0, 0.0030472025252200473, 0.00392798289209746, 0.0, 0.004019020998901099, 0.0013480691121224094, 0.0, 0.0, 0.0, 0.0, 0.0, 0.0, 0.0, 0.0, 9.094516025421573E-4, 0.0, 0.02894714041214049, 6.476954933742543E-4, 0.0, 0.0, 0.0, 0.0, 0.0, 0.0, 0.0, 0.00120452654676101, 9.600308504906441E-4, 0.0, 0.0, 0.0, 0.0, 0.0, 0.0, 0.0, 9.148444328946407E-4, 0.0, 0.0, 0.0029856336366345126, 7.508363737939417E-4, 0.0, 5.789581645268212E-4, 0.0, 0.0, 0.0, 0.0, 0.0, 0.003992121435512163, 0.0, 0.0, 0.0, 0.0, 0.0
0.0020289268009170713, 0.00203774362534294, 0.0, 0.0, 0.0, 0.0, 0.0, 0.0, 0.0, 0.0045638806665154975, 0.0, 0.0, 0.0, 0.0, 0.0, 0.0, 0.0, 0.0074389138116976545, 0.002244046330820866, 0.00706602512355697, 0.002638840320213151, 0.0074400426110241506, 0.0, 0.04683408949932188, 0.0, 0.0, 0.0, 0.001882399843153855, 0.0, 0.0, 0.0, 0.0, 0.0, 0.011388605186950795, 0.0, 0.0, 0.0, 0.0, 0.0, 0.0, 0.0, 0.0, 0.0, 0.043854622812311526, 0.0, 0.0, 0.0, 0.0, 0.0, 0.0, 0.0, 0.0, 0.0, 0.0, 0.0, 0.0, 0.0, 0.0, 0.0, 0.0, 0.0, 0.0, 0.0, 0.0, 0.0, 0.0, 0.0, 0.0, 0.0, 0.0, 0.0, 0.0, 0.0, 0.0, 0.0, 0.0, 0.0, 0.0, 0.0, 0.0, 0.0, 0.0, 0.0, 0.0, 0.0, 0.0, 0.0, 0.0, 0.008902743434764533, 0.0, 0.0, 0.0, 0.0, 0.0, 0.007134270017799846, 0.0, 0.0, 0.0, 0.0, 0.0, 0.0, 0.0, 0.0, 0.0, 0.0, 0.0, 0.0, 0.0, 0.0, 0.0, 0.0, 0.0, 0.0, 0.0, 0.0, 0.0, 0.014012637845996339, 0.0, 0.0, 0.0, 0.0, 0.0
0.017327199181990913, 3.991079623874331E-4, 0.0, 0.0, 0.0, 0.0, 0.00444999670608375, 0.0, 0.0, 0.0, 0.01762172775968137, 0.0, 0.0, 0.0, 0.0, 0.0, 0.0, 0.0, 0.0, 0.0, 6.151464620401192E-4, 5.078588850705975E-4, 1.300224826388943E-4, 0.013048392226362142, 0.002186826816008877, 0.0, 0.0, 0.0014170656146421622, 7.867048410883405E-4, 0.016974961150095662, 0.0010710919810813365, 0.01640846724518135, 0.002005169475106098, 0.022086053973819006, 0.003990858165797817, 6.041154278065021E-4, 0.0, 0.0, 0.0010243141420759312, 0.0025461772362312908, 7.704044166516764E-4, 0.0, 0.0011915017215607527, 0.0, 2.0903347858845098E-4, 0.0, 0.0, 0.0, 0.002561206427016973, 0.0, 0.0, 0.00579203953120401, 0.0018472132467722015, 8.700356796725403E-4, 0.002538189240376315, 0.006898395615143988, 8.451057147137214E-4, 0.0010405161052566662, 0.04924311583549175, 0.0015962590854828775, 2.407229909085255E-4, 0.0, 0.0, 0.0, 0.0012622725641750028, 0.0, 0.0015234034590791868, 0.0, 0.0032365356272256304, 4.3863784572292287E-4, 0.0, 0.01188080771007534, 0.00445620016125461, 0.0025386829806752, 0.004006967414608763, 9.587270830338547E-4, 0.0, 2.139293095740476E-4, 8.363064358726572E-4, 0.0255785577889117, 0.0039494678834590645, 0.0014272506886024686, 5.168426972272511E-4, 9.177387716276342E-4, 0.04281378702072175, 0.0, 2.243586801463127E-4, 6.467415852039997E-4, 4.592386241821612E-4, 3.32818617486672E-4, 0.0, 0.0, 1.6968494803863457E-4, 3.4056038417126463E-4, 1.763853073474344E-4, 2.0331393532189312E-4, 0.003566161759863348, 1.9498301057720315E-4, 0.008828591397132749, 0.0, 1.8416265911767207E-4, 0.0016417083694605665, 0.0, 0.0, 0.0, 0.0, 0.0, 0.0, 0.0, 0.006396078491284021, 7.506212606533875E-4, 0.0, 0.040153359717534205, 4.399838208544682E-4, 0.0015097561801640977, 0.0045745863288710895, 0.003516225548327329, 2.823094090925007E-4, 1.272129901491868E-4, 0.0, 0.0, 0.0
0.0022735783093376385, 0.0020194206858748635, 0.0, 0.0, 0.0, 0.0, 0.0, 0.0, 0.0, 0.0, 0.0, 0.0, 0.0, 0.0, 0.0, 0.0, 0.0, 0.0, 0.002223868363106075, 0.001750622247563282, 0.00276747928965957, 0.005612091755871344, 1.259247151903206E-4, 1.3380523640340114E-4, 0.0016088552733573304, 0.001882399843153855, 0.0014170656146421622, 0.0, 0.0014732445887082808, 2.08757061658271E-4, 0.0023179085581049646, 0.0, 0.0015141509722756143, 0.00537534399647292, 0.0, 0.0, 0.0, 0.0, 0.0, 3.4271951621893474E-4, 2.1605278840959054E-4, 0.0, 2.951254053298105E-4, 0.0, 2.0244561342207975E-4, 0.0, 0.0, 0.0, 0.0, 0.0, 0.0, 1.3990602587580708E-4, 1.7200858352789286E-4, 0.032382550959907115, 1.4687807287907463E-4, 0.0, 0.0, 0.0, 0.037826050440771974, 0.0, 2.331364042179159E-4, 0.0, 0.0, 0.0, 0.0, 0.0, 0.0, 0.0, 0.03158697385832803, 4.248138066072584E-4, 0.0, 2.82127969892821E-4, 0.006242245343528876, 3.958228050419412E-4, 0.0030905688200420695, 1.552766962097957E-4, 0.0, 0.002395601400985787, 1.89012836590731E-4, 0.0, 0.0, 0.0, 0.0, 2.6618411351167736E-4, 0.018145137629640037, 0.0, 2.1728782841629423E-4, 0.013094696132414811, 0.0, 3.223295599841796E-4, 0.0, 0.0, 0.004003436417900515, 3.298273384071215E-4, 1.7082637664417793E-4, 1.9690632635231749E-4, 4.5999304134861085E-4, 0.00460030246901408, 0.0, 0.0, 0.004345014126775811, 0.0, 0.0, 0.0, 0.0, 0.0, 0.0, 0.0, 0.0, 1.4532919559964334E-4, 0.0, 0.0, 0.0, 0.002157219146163471, 0.004436314609437209, 0.0, 0.0034054087549440226, 2.734121915995987E-4, 1.2320376620968688E-4, 0.0, 0.0, 0.0
4.585715215016251E-4, 0.0, 0.004852292214728772, 0.0, 0.0, 0.0, 0.0, 0.02289561269267639, 0.0, 0.0, 0.0, 0.0, 0.0, 0.0, 0.0, 0.0, 0.0, 0.0, 0.0, 0.0, 4.1780457892309016E-4, 2.569393270762727E-4, 0.0, 0.0, 0.0, 0.0, 7.867048410883405E-4, 0.0014732445887082808, 0.0, 1.967096948631702E-4, 0.0021841420911161468, 0.013440402614292014, 1.5266620448142542E-4, 0.0027141086893875638, 0.0015448661571441412, 0.0, 0.029601642584842495, 0.0, 5.22188493553775E-4, 0.002000682233227861, 0.003428702377147316, 0.0, 8.092623558491024E-4, 0.0, 1.9076248020693878E-4, 0.0, 0.0, 0.0, 0.0, 0.0, 0.0, 8.167247181582598E-4, 0.0032056212009893715, 6.503902959432678E-4, 0.007274741541170564, 0.0, 7.712375226422423E-4, 4.7478383432736983E-4, 2.0966535091576007E-4, 0.0, 2.1968210594128156E-4, 0.0, 0.0, 0.0, 0.0, 0.0, 0.0, 0.0, 0.0022378231276985773, 0.0, 0.0, 0.0016469689940290218, 0.02747302206038174, 0.009488985632402, 7.445180977030147E-4, 0.004444938739389793, 0.0, 0.002257351281237612, 5.851024540322018E-4, 0.00748712074816971, 0.0, 7.276028479841716E-4, 0.0, 8.375219387820561E-4, 0.0, 0.0, 0.053810373488225344, 1.621182668507979E-4, 0.0, 3.0372792606968437E-4, 0.0, 0.0, 0.0, 3.1079300781596274E-4, 0.0023816692263874967, 0.0031845214229424506, 0.008629695874620568, 0.0, 0.0, 0.0, 0.002884553546896608, 0.0014982114943959506, 0.024453056190560978, 0.0, 0.0, 0.0, 0.0, 0.0, 0.0, 0.005948005971211343, 0.0027211498277148, 0.0, 0.0, 0.007236504783030664, 0.0012145332074527011, 0.0, 0.024063452404677773, 2.576335782569528E-4, 0.0, 0.0, 0.03702815346728259, 0.0
5.867300237479613E-4, 5.967405788259249E-4, 3.0249555414476876E-4, 0.0, 5.870813530732299E-4, 0.0, 3.955750366747996E-4, 0.0, 3.621945380876314E-4, 4.151339024568244E-4, 5.639234775838319E-4, 0.0, 0.0, 0.0, 0.0, 3.590973054018516E-4, 0.0, 0.0, 0.0, 3.149380826062409E-4, 4.7046043353642374E-4, 4.2096757816306203E-4, 0.0, 0.01930319739898859, 0.001812370778282923, 0.0, 0.016974961150095662, 2.08757061658271E-4, 1.967096948631702E-4, 0.0, 0.0020631049780406403, 5.10905384057211E-4, 9.106194496693496E-4, 0.07260043267048592, 0.0, 0.0, 9.897780014392066E-4, 0.0, 0.0, 0.018857285976866832, 1.849153426660463E-4, 0.0, 0.0, 6.382477383308731E-4, 3.1254389980267793E-4, 0.0, 0.003980587549294678, 7.680376929709774E-4, 0.0724343062761153, 0.006933058717469324, 0.0, 0.0, 9.667823706356199E-4, 7.63235932080538E-4, 0.0, 0.0, 0.0, 7.778824797359033E-4, 3.4351422962011297E-4, 0.0013332622349940002, 3.5992561028390184E-4, 9.922067703453106E-4, 0.0, 0.0, 8.976609176981671E-4, 0.0, 0.0, 0.0, 2.5814273984295984E-4, 0.023374319404083837, 0.0016779597730885022, 0.027065083628889073, 0.038282295488467386, 8.833982180988214E-4, 0.0, 0.012598577987024783, 0.011931466472792553, 3.198640770266611E-4, 0.0, 0.0, 0.0, 0.0, 0.0, 4.1094602889224545E-4, 9.848395173632438E-4, 0.0, 0.0, 9.669988681678659E-4, 0.0, 4.976256881847025E-4, 0.0, 5.01294751166636E-4, 0.0, 5.092010682018378E-4, 2.6372881606586296E-4, 0.013354621972177927, 0.001433310491314881, 0.0, 0.02346735102408566, 4.2125441890062976E-4, 0.001101429609598403, 0.0, 0.0, 0.0, 9.906793800087278E-4, 0.0, 0.0, 0.003233124205298544, 8.130760668506454E-4, 0.0, 6.269502167375349E-4, 0.0, 0.0, 0.0, 3.3277157579442206E-4, 0.0, 5.179978301723985E-4, 4.221050343924892E-4, 0.0, 0.0, 0.0, 0.0
4.934984167801059E-4, 6.27298101089486E-4, 0.0, 0.0, 0.0, 0.0, 0.0, 0.0, 0.0, 0.0, 0.0, 0.0, 0.0, 0.040560547378787414, 0.0, 0.0, 0.0, 0.0, 0.002183288842043479, 0.0, 0.0, 0.0, 0.04296729753969335, 0.0, 0.001905177539499279, 0.0, 0.0010710919810813365, 0.0023179085581049646, 0.0021841420911161468, 0.0020631049780406403, 0.0, 0.001261619653695519, 0.002888690341169924, 0.006200846494164213, 0.004459165737449798, 9.495186676681891E-4, 0.0010404619408060723, 0.0029430440797097836, 7.106057562690845E-4, 0.0011694075625886858, 7.3407698625549E-4, 0.0, 0.0, 0.0, 0.0, 0.0, 0.004184423013105341, 0.0, 0.009283474034461118, 0.004971027883672562, 7.699255903621372E-4, 0.0029467851173529303, 7.371364854555765E-4, 0.023630454627114276, 6.187269154650188E-4, 0.0, 0.0, 8.177158043603678E-4, 0.028486657669811465, 0.0025089208623660826, 6.394224143460234E-4, 0.0010964696034883818, 0.0, 0.0, 0.04959943531492847, 0.0, 0.0, 0.0, 0.002866256408964708, 0.0, 0.0, 0.0034687707251799963, 0.006776970943931423, 0.0, 0.0, 0.0015345690458535982, 0.0, 0.003551571744117181, 0.0, 8.259541702920559E-4, 0.0, 9.901381942306E-4, 8.123477181291921E-4, 0.0, 0.0010352705698937618, 0.0, 0.0, 0.0030675385765294664, 7.218084930532288E-4, 0.005249741934190545, 0.0, 0.0, 0.0, 9.046163071318293E-4, 0.0, 0.001371167944541206, 0.0010928472531411815, 0.0, 5.55053683778946E-4, 4.6552057440502347E-4, 0.0, 0.0016514277074021217, 4.2115272396040697E-4, 0.03751468559573697, 0.0015517001201512202, 8.624533043123324E-4, 0.0, 0.0033986840287626163, 8.547115629042913E-4, 0.0, 0.0016015842747057324, 0.0, 0.0, 0.0041924900356324485, 0.0, 0.0, 0.0, 7.498866779331498E-4, 0.0, 0.0, 0.0027652356019384934, 0.0
