0.0, 0.0010271413274559838, 1.2543455850382368E-4, 0.006735202070306713, 0.0, 0.0, 5.79591957491775E-5, 6.94416053606799E-5, 0.0022184481854170563, 1.986452092208903E-4, 6.392845214925132E-5, 4.167467174684728E-4, 0.009293115910533535, 4.72069624895102E-5, 3.8946326424772553E-4, 0.0, 0.0, 0.006542677985371075, 0.0, 0.010188047106612834, 0.0021549773069716445, 4.7058853516168474E-4, 0.0, 0.02538399360489303, 0.004216609048948015, 8.815570018754531E-5, 0.0, 0.0, 0.0, 0.001354005790104438, 4.8952430490903926E-5, 0.0026177876428856795, 0.0, 0.0, 8.503440455945325E-5, 1.6325570514702506E-4, 3.9480545603424945E-4, 0.0, 0.0, 0.012281271582729045, 0.0, 0.0, 0.0, 0.0, 0.0, 0.0, 0.0, 3.771741738089011E-4, 5.029165952339376E-5, 0.0015557230032845874, 0.00497465155125824, 0.0023335588486527643, 6.393745134183844E-4, 0.02762683399700391, 0.0, 0.007411810827904049, 0.0, 8.436166400654687E-4, 1.5755106993771973E-4, 0.0, 7.145767858110265E-5, 3.7021389554078363E-5, 0.2009377297598611, 0.0019016825052600983, 0.001742266592438501, 0.0015547261792058333, 7.866767404158552E-4, 0.0, 0.0, 7.08165663060141E-5, 6.637729368123724E-5, 0.002420860390291483, 8.993152136066367E-5, 0.0, 0.0, 0.0, 0.006529138254188384, 0.01313878612959425, 0.0021549773069716445, 0.010197256641952628, 0.0039936298679828655, 0.0, 1.6325570514702506E-4, 0.0, 9.984153259541672E-4, 0.0, 0.012281271582729045, 0.0, 0.0, 0.0, 0.0, 9.09208186665688E-5, 4.4971871801565373E-5, 0.0, 0.0, 0.0, 0.005882390656077227, 0.004472603437045552, 0.015132230873067533, 0.001520038794634169, 0.13709871535641183, 0.0011066652963611634, 0.0, 0.0, 0.0017507865281419853, 4.567422676863732E-5, 7.764673206298596E-4, 3.685437940276764E-5, 0.006232063832558104, 0.014475262636403552, 4.628129203838212E-5, 0.0, 2.9726283883972932E-5, 0.0, 0.0, 5.639693347777482E-5, 0.0, 9.7955734383177E-4, 0.0, 0.0, 0.004257741491709586, 0.002877469130060981, 3.890442478755555E-5, 0.0, 0.00901744866555521, 5.570792044495336E-5, 0.0, 0.0, 0.0, 0.0, 0.014449162143634196, 9.665761450126309E-4, 0.005364927946510329, 0.001916220668397946, 0.0, 0.0, 8.007246403063862E-5, 7.805598879958027E-5, 0.0, 0.0, 0.0, 0.0021980949271401874, 4.854907478298374E-4, 0.00145344035939051, 3.164979095511052E-5, 0.0017262230407328453, 0.0, 4.582999490619457E-5, 0.0015127085180838926, 6.016872677353058E-5, 5.1071792475685496E-5, 4.3120451373249785E-5, 4.0697878879704467E-4, 0.0022145398939490764, 0.0, 0.001631842099560698, 0.008105431366975637, 0.01584597859847826, 0.0025427175370728713, 0.0, 0.0, 0.0036352777954248997, 0.002058702077099025, 0.0, 0.001056157679441913, 0.0, 0.0, 6.720126720605098E-4, 0.0, 0.0, 6.980281576793138E-5, 0.0, 5.8251434085828374E-5, 0.0, 7.397128105437579E-4, 8.616801276441126E-4, 1.5459471950143017E-4, 3.0343381402364092E-5, 0.0, 0.0, 0.0, 7.106004155196908E-4, 0.0, 8.849865666259108E-4, 0.0, 0.0, 0.0038342174296538, 0.0, 0.0, 0.0044759160598736285, 4.8088594321289257E-4, 8.783516999291659E-4, 0.00235601298164804, 0.0, 0.0, 0.0, 5.873579097298939E-5, 0.0, 0.0, 5.145626988579948E-4, 4.587312543595493E-5, 0.0, 0.0, 0.0, 0.0012155205311282272, 0.01318586385716047, 0.001432677674565266, 0.0049696322023879465, 0.0024656187873063435, 5.239922615878253E-4, 7.292477489526691E-5, 3.617644032354449E-5, 7.384435448295289E-4, 0.0, 0.007860474173115976, 0.0, 0.05208262297648248, 0.005090459880919556, 0.007528059101616755, 0.0, 0.0, 0.0, 0.0, 0.0037596324535708494, 5.8592404251520006E-5, 0.0, 0.012766791414128821, 1.9930374901923527E-4, 0.0, 0.0, 6.955489548367962E-4, 8.512937168245456E-4, 0.0, 0.0011497027107150578, 0.0, 0.0, 0.0, 0.0, 0.0, 0.0, 1.4674729779460343E-4, 0.011847818486736534, 0.0, 0.0, 0.0, 0.0, 0.0011749658158415298, 0.006589717298939467, 0.0, 0.0, 0.0
0.0010271413274559838, 0.0, 0.0, 0.0, 0.0, 0.0, 0.0, 0.03129654678910627, 0.26302940890827425, 0.15915937945328962, 0.001422806466165784, 0.0, 0.0, 0.0, 0.0, 0.0, 0.0, 0.0, 0.0, 0.0, 0.005007429872239302, 0.00659708216336876, 0.0, 0.0, 0.0035670185552945577, 0.0024831736151870363, 0.0, 0.0, 0.0, 0.0014881514603917753, 0.0, 0.002877140210349754, 0.0, 0.0, 0.0, 0.0, 0.0, 0.0, 0.0, 0.004218773105121599, 0.0, 0.0, 0.0, 0.0, 0.0016617485698221122, 0.0, 0.0, 0.00181172216017434, 0.0, 0.0, 0.009038122394637221, 0.0, 0.0, 0.002536429655438977, 0.0, 0.0075551859405892955, 0.0, 0.025383175380904423, 0.0035064931735774942, 0.0, 0.0, 0.0, 0.0, 0.0, 0.0, 0.0, 0.0, 0.0, 0.0, 0.0, 0.0014773084515758226, 0.0, 0.0, 0.0, 0.0, 0.0, 0.0, 0.0, 0.005007429872239302, 0.0, 0.003327618046021682, 0.0, 0.0, 0.0024888313298363726, 0.0, 0.0, 0.004218773105121599, 0.0, 0.0, 0.0, 0.0, 0.002561061593336716, 0.0, 0.0, 0.0, 0.0035588749652393182, 0.0, 0.0, 0.003172675406569417, 0.0, 0.0, 0.0, 0.0, 0.0, 0.0012484428048254192, 0.0, 8.533944135147957E-4, 0.0, 0.0, 9.651717702284697E-4, 0.0, 0.0, 0.0, 0.0, 0.0, 0.0, 0.0, 0.0, 0.0, 0.0, 0.0, 9.631883535620834E-4, 0.0, 0.0, 0.0, 0.0, 0.0, 0.0, 0.0, 0.0, 0.0, 0.0013445214365925265, 0.0, 0.0, 0.0, 0.0, 0.0, 0.0, 0.0, 0.0, 0.0, 0.0, 0.0, 0.0015141268879795497, 7.044050920956634E-4, 0.0, 0.0, 0.0, 0.0, 0.0, 0.0, 0.0, 0.0, 0.0, 0.0018975094653420517, 0.0, 0.0, 0.0, 0.0, 0.0, 0.0, 8.705725349325786E-4, 0.0, 0.0, 0.0, 0.0, 0.0014269084083734995, 0.0, 0.0, 0.0, 0.0, 0.0, 0.0, 0.0, 0.0, 0.0, 0.0, 0.0, 0.0, 0.0, 0.0, 0.0, 0.0, 0.0, 0.0, 0.0, 0.0, 0.0, 0.0, 0.001489912792036635, 0.0, 9.150261428841805E-4, 0.002589430698868043, 0.0, 0.0, 0.0, 0.0, 0.0, 9.097970295096995E-4, 0.0010692279683316211, 0.0, 0.0, 0.0, 0.008364094216729845, 0.0, 0.010802932837083529, 0.0, 0.0, 0.0, 0.0, 0.0, 0.0, 0.0, 0.0, 0.0, 0.0, 8.887279920644429E-4, 0.0, 0.0, 0.05889426123082684, 0.0, 0.0, 0.0, 0.0013074258178254823, 0.0, 0.0, 0.0, 0.0, 0.0, 0.0, 7.644592072494112E-4, 9.356340993320822E-4, 0.0, 0.0012636074235953065, 0.0, 0.0, 0.0, 0.0, 0.0, 0.0, 0.0, 0.0, 0.0, 0.0, 0.0, 0.0, 0.0, 6.584165091098326E-4, 0.0, 0.0, 0.0
1.2543455850382368E-4, 0.0, 0.0, 0.02702829237870917, 0.006487140604608557, 0.0, 1.4138352379992458E-4, 1.6939329018132525E-4, 2.822288120978408E-4, 0.07949720348138327, 1.5594470763622144E-4, 0.018780900090535596, 1.1700420597571849E-4, 9.546343089551661E-4, 0.017551357570857753, 0.0, 0.0, 0.02139867295962313, 0.02175097664893224, 0.022367625094570544, 0.0, 7.971779937999156E-4, 0.0, 0.06453267593242136, 2.0603775502163376E-4, 2.1504376267577352E-4, 0.0, 0.0, 8.293166393923347E-4, 0.02433369692166688, 1.1941275291890305E-4, 0.0, 0.0, 0.0, 2.0742978927575066E-4, 3.9823994408092595E-4, 6.688012942655069E-4, 0.0694231360123364, 0.0, 3.65347326845035E-4, 0.0, 0.0, 0.0, 0.0, 0.0, 0.0, 0.0, 0.0, 0.006774753825638635, 0.0014804860537966824, 0.0, 0.0, 0.0, 0.0012145594948639394, 0.06809918670544095, 0.016490219089359853, 0.0, 7.728020402289845E-5, 3.8432426741461965E-4, 0.0, 1.7431122481546956E-4, 0.0027237077329144935, 0.24358763335466865, 0.687780485909114, 0.02152995445746718, 0.028681096473538465, 0.03331580238553315, 0.03820348599936119, 0.0, 1.7274731918441718E-4, 1.6191832132330728E-4, 1.9320564135690856E-4, 2.1937563532943355E-4, 0.0, 0.0, 0.024162444266544608, 0.021354389520916922, 0.02884590533093968, 0.0, 0.0, 0.0, 0.012312436463002854, 3.9823994408092595E-4, 0.0, 0.0017560425104358704, 0.0, 3.65347326845035E-4, 0.0, 0.0, 0.0, 0.0, 2.2178889067893729E-4, 1.0970272490839395E-4, 0.0, 0.0, 0.002246777281376126, 0.0, 7.571018745998527E-4, 1.8325974705447846E-4, 1.3924441813159715E-4, 0.0047563882411443435, 7.756062636442271E-5, 0.0, 0.0, 1.0811561325925772E-4, 0.08458258855423341, 7.597388338823465E-4, 8.990121343249648E-5, 0.02785230624045368, 0.0025209005531154766, 0.0034049697899664238, 0.0, 0.02372022207831781, 0.0, 0.0, 1.3757259885220015E-4, 0.0, 0.0, 0.0, 0.0, 0.0, 1.1762461762133909E-4, 0.002862244878293124, 0.0, 0.0, 1.3589184587995494E-4, 0.002150521209046968, 0.0, 0.0, 0.015703094432542454, 0.0, 0.0, 0.0, 0.0, 0.0014888171599759077, 0.0, 1.9532581461251654E-4, 1.9040689932845926E-4, 0.0, 0.01577563449798317, 0.003981446344806485, 6.610593990732895E-4, 0.0, 1.849052634099392E-4, 7.720533238813975E-5, 8.982472365940749E-5, 0.0, 1.1179599875076484E-4, 0.0, 0.009175264441370748, 1.2458264635415266E-4, 0.010888439893941497, 8.634576281732743E-5, 2.542149136676748E-4, 0.0, 0.0, 0.005635563574525923, 0.011500392073811459, 0.003681398053100382, 0.0, 0.0, 0.02782385437864524, 1.6430226904609954E-4, 0.0, 0.0, 0.0, 0.0, 0.0, 0.0, 0.0, 0.005135476311838655, 0.0, 1.420963992166908E-4, 0.0, 0.003881525420154891, 1.696404106397274E-4, 3.771126552300942E-4, 7.401852512303386E-5, 0.0, 0.0, 0.0, 6.952909886861757E-4, 0.0, 0.0, 0.0, 0.0, 1.1430837225952063E-4, 0.0, 0.0, 1.2902700435393942E-4, 0.024168232040838792, 1.1174304565897468E-4, 0.0, 0.0, 0.0, 0.0, 1.432779215376688E-4, 0.0, 0.0, 0.0, 0.006179536228997852, 0.0, 0.00624501764226437, 0.0, 0.002137893589452713, 0.03753002417039559, 0.0, 0.07743754982662027, 0.0, 1.1117166983299527E-4, 0.009823644763118897, 8.824747385410341E-5, 0.0, 7.122206561151563E-4, 0.0, 0.004323386021918145, 0.0, 0.2361227659390843, 0.03880104122771632, 0.0017517939123034953, 0.0, 0.0, 0.0, 0.049730336934929675, 1.4292814925933713E-4, 0.0, 0.0, 4.861742123686235E-4, 0.0, 0.0, 0.002722255207995787, 0.0, 0.0, 0.0, 0.0, 0.0, 0.0, 0.004437475723237563, 0.0032166325375877582, 0.0, 0.010796373518168926, 0.0, 0.0, 0.0, 0.0, 0.005215439743350018, 0.0, 0.0, 5.96304752053334E-4, 0.0, 0.008595614549232623
0.006735202070306713, 0.0, 0.02702829237870917, 0.0, 0.0, 0.0, 9.25802552345606E-5, 0.011482109500220852, 1.8480806501569797E-4, 0.042803521282282105, 1.0211515774547426E-4, 0.005993312515011541, 0.0011152100681048767, 0.007805630495753092, 5.410723327666508E-5, 0.0, 0.002959515723452853, 0.0, 0.0, 0.0, 0.0, 0.0, 0.0, 8.546350383337562E-5, 1.3491690852784433E-4, 1.40814190367025E-4, 0.0, 0.0, 0.0, 0.0, 7.819343333907952E-5, 0.0, 0.0, 0.0, 1.3582843543761189E-4, 2.607740610552595E-4, 0.0, 0.0, 0.0, 0.019617305641273435, 0.0, 0.0, 0.0, 0.0, 0.0, 0.0, 0.0, 0.0, 8.033263082177064E-5, 1.1694168902725446E-4, 0.00794618531822927, 0.0, 0.0, 9.593649220081314E-5, 0.0, 0.06642409227963612, 0.0, 5.060434781031163E-5, 2.516618472491346E-4, 0.0, 1.1414185507571606E-4, 5.913556338647625E-5, 0.005282665256023541, 0.0, 0.7119180270851814, 0.0, 0.0, 0.020542557944891522, 0.0, 0.01170945810558293, 1.0602677817308285E-4, 1.2651422958513862E-4, 0.004038248762104682, 0.0, 0.0, 0.0015191038092353063, 0.0, 0.0, 0.0, 0.0, 0.0, 0.0, 2.607740610552595E-4, 0.0, 1.3870753908650632E-4, 0.0, 0.019617305641273435, 0.0, 0.0, 0.0, 0.0, 1.4523101104979693E-4, 7.18351473989172E-5, 0.0, 0.0, 0.0, 0.004271534993385756, 0.005508475017704215, 1.2000149452021001E-4, 9.117953368352825E-5, 0.0, 5.07879729687037E-5, 0.0, 0.0010037733951726534, 7.079588060450127E-5, 7.295704361014448E-5, 0.0, 5.8868792216944815E-5, 0.014976581321739872, 5.4732331464303715E-5, 7.392673024727847E-5, 0.0, 0.011273070129189385, 0.0011700173958445344, 0.0, 9.008479894052055E-5, 0.0, 0.0, 0.0, 0.0, 0.0, 7.70225329555478E-5, 6.214340157811407E-5, 0.0, 0.0, 8.89842142685972E-5, 0.0, 0.0, 0.004746826466472264, 0.0, 0.0, 0.0, 0.0, 0.0, 0.0, 0.0, 1.2790255388113968E-4, 1.246815673033851E-4, 0.004444633078554965, 0.0, 0.0, 0.0, 0.0, 1.2107900567629622E-4, 5.055532063324396E-5, 5.881870545630194E-5, 0.0, 7.320585751699837E-5, 0.0, 9.610961659886475E-5, 8.157876453543738E-5, 6.887780864387816E-5, 5.654062471496605E-5, 1.6646410387316767E-4, 0.0, 0.0, 6.682451639670207E-5, 0.0, 7.992838045329376E-5, 0.0, 0.0, 0.0, 1.0758782632572535E-4, 0.0, 0.0, 0.0, 0.0, 0.0, 0.0, 0.004581025763264438, 1.1149848469002963E-4, 0.0, 9.304705777463632E-5, 0.0, 0.0, 1.1108332918160023E-4, 2.4693956505703957E-4, 7.054977533082159E-4, 0.0, 0.0, 0.0, 0.0, 0.0, 0.0, 0.004865216342366294, 0.0, 7.485100098516028E-5, 0.0, 0.0, 8.448900320339057E-5, 5.2771868290043124E-5, 7.317118296213064E-5, 0.0, 0.0, 0.0, 0.002522438145185375, 9.382073801050501E-5, 0.0, 0.0, 0.0, 7.327475142420329E-5, 0.0, 0.0, 0.0, 1.6886946463966766E-4, 0.0, 0.001210428442810878, 0.0, 0.0, 0.007535630750063658, 1.1648529945004451E-4, 5.778589635932151E-5, 0.0, 0.0, 0.0, 0.0, 6.831764273184778E-4, 0.0, 0.0, 0.11471034471379725, 0.0, 0.0, 0.0, 0.007010427450667547, 9.35917013736212E-5, 0.0, 0.0, 3.18354865261695E-4, 0.0, 0.0, 0.0, 0.0, 0.0, 0.0, 8.463165038409714E-4, 9.737052079626147E-4, 0.0, 0.0, 0.0, 0.0, 2.3440460325916884E-4, 0.0, 0.002714481647014503, 0.0, 0.0, 0.0, 0.0, 0.0, 0.0, 8.155271588611104E-4, 0.0
0.0, 0.0, 0.006487140604608557, 0.0, 0.0, 0.0, 0.0, 0.0, 0.0, 0.0, 0.0, 0.0, 0.0, 0.0, 0.0, 0.0, 0.0, 0.0, 0.0, 0.0, 0.0, 0.0, 0.0, 0.002767074017082653, 0.0, 0.0, 0.0, 0.0, 0.0, 0.0, 0.0, 0.0, 0.0, 0.0, 0.0, 0.0, 0.0, 0.0, 0.0, 0.0, 0.0, 0.0, 0.0, 0.0, 0.0, 0.0, 0.0, 0.0, 0.002600950411583831, 0.0, 0.0, 0.0, 0.0, 0.0, 0.026626673452961807, 0.0, 0.0, 0.0, 0.0, 0.0, 0.0, 0.0, 0.0, 0.0, 0.0, 0.0, 0.0, 0.0, 0.0, 0.0, 0.0, 0.0, 0.0, 0.0, 0.0, 0.0, 0.0, 0.0, 0.0, 0.0, 0.0, 0.004814143031234227, 0.0, 0.0, 0.0, 0.0, 0.0, 0.0, 0.0, 0.0, 0.0, 0.0, 0.0, 0.0, 0.0, 0.0, 0.0, 0.0, 0.0, 0.0, 0.0, 0.0, 0.0, 0.0, 0.0, 0.0, 0.0, 0.0, 0.0, 0.0, 0.0, 0.0, 0.0, 0.0, 0.0, 0.0, 0.0, 0.0, 0.0, 0.0, 0.0, 0.0, 0.0, 0.0, 0.0, 0.0, 0.0, 0.0, 0.0, 0.0, 0.0, 0.0, 0.0, 0.0, 0.0, 0.0, 0.0, 0.0, 0.0, 0.0, 0.0, 0.0, 0.0, 0.0, 0.0, 0.0, 0.0, 0.0, 0.0, 0.0031117659697289077, 0.0, 0.0, 0.0, 0.0, 0.0, 0.0, 0.0021635946893300284, 0.004496634969444385, 0.0, 0.0, 0.0, 0.0, 0.0, 0.0, 0.0, 0.0, 0.0, 0.0, 0.0, 0.0, 0.0, 0.0, 0.0, 0.0, 0.0, 0.0, 0.0, 0.0, 0.0, 0.0, 0.0, 0.0, 0.0, 0.0, 0.0, 0.0, 0.0, 0.0, 0.0, 0.0, 0.0, 0.0, 0.0, 0.0, 0.07477641060009148, 0.0, 0.0, 0.0, 0.0, 0.0, 0.0, 0.0, 0.0, 0.0, 0.0, 0.0, 0.0, 0.006942716609769599, 0.0, 0.0, 0.0037714747350954627, 0.0, 0.0, 0.0, 0.0, 0.0, 0.0, 0.0, 0.0, 0.0, 0.0, 0.0, 0.0, 0.0, 0.0, 0.0, 0.0, 0.0, 0.0, 0.0, 0.0, 0.0, 0.0, 0.0, 0.0, 0.0, 0.0, 0.0, 0.0, 0.0, 0.0, 0.0, 0.0, 0.0, 0.0, 0.0, 0.0, 0.0, 0.0, 0.0, 0.0
0.0, 0.0, 0.0, 0.0, 0.0, 0.0, 0.0, 0.0, 0.0, 0.0, 0.0, 0.0, 0.0, 0.0, 0.0, 0.0, 0.0, 0.0, 0.0, 0.0, 0.0, 0.0, 0.0, 0.0, 0.0, 0.0, 0.0, 0.0, 0.0, 0.0, 0.0, 0.0, 0.0, 0.0, 0.0, 0.0, 0.0, 0.0, 0.0, 0.0, 0.0, 0.0, 0.0, 0.0, 0.0, 0.0, 0.0, 0.0, 0.0, 0.0, 0.0, 0.0, 0.0, 0.0, 0.0, 0.0, 0.0, 0.0, 0.0, 0.0, 0.0, 0.0, 0.0, 0.0, 0.0, 0.0, 0.0, 0.0, 0.0, 0.0, 0.0, 0.0, 0.0, 0.0, 0.0, 0.0, 0.0, 0.0, 0.0, 0.0, 0.0, 0.0, 0.0, 0.0, 0.0, 0.0, 0.0, 0.0, 0.0, 0.0, 0.0, 0.0, 0.0, 0.0, 0.0, 0.0, 0.0, 0.0, 0.0, 0.0, 0.0, 0.0, 0.0, 0.0, 0.0, 0.11536414391865288, 0.0, 0.0, 0.0, 0.0, 0.0, 0.0, 0.0, 0.0, 0.0, 0.0, 0.0, 0.0, 0.0, 0.0, 0.0, 0.0, 0.0, 0.0, 0.0, 0.0, 0.0, 0.0, 0.0, 0.0, 0.0, 0.0, 0.0, 0.0, 0.0, 0.0, 0.0, 0.0, 0.0, 0.0, 0.0, 0.0, 0.0, 0.0, 0.0, 0.0, 0.0, 0.0, 0.0, 0.0, 0.0, 0.0, 0.0, 0.0, 0.0, 0.0, 0.0, 0.0, 0.0, 0.0, 0.0, 0.0, 0.0, 0.0, 0.0, 0.0, 0.0, 0.0, 0.0, 0.0, 0.0, 0.0, 0.0, 0.0, 0.0, 0.0, 0.0, 0.0, 0.0, 0.0, 0.0, 0.0, 0.0, 0.0, 0.0, 0.0, 0.0, 0.0, 0.0, 0.0, 0.0, 0.0, 0.0, 0.0, 0.0, 0.0, 0.0, 0.0, 0.0, 0.0, 0.0, 0.0, 0.0, 0.0, 0.0, 0.0, 0.0, 0.0, 0.0, 0.0, 0.0, 0.0, 0.0, 0.0, 0.0, 0.0, 0.0, 0.0, 0.0, 0.0, 0.0, 0.0, 0.0, 0.0, 0.0, 0.0, 0.0, 0.0, 0.0, 0.0, 0.0, 0.0, 0.0, 0.0, 0.0, 0.0, 0.0, 0.0, 0.0, 0.0, 0.0, 0.0, 0.0, 0.0, 0.0, 0.0, 0.0, 0.0, 0.0, 0.0, 0.0
5.79591957491775E-5, 0.0, 1.4138352379992458E-4, 9.25802552345606E-5, 0.0, 0.0, 0.0, 7.82710839925137E-5, 1.3040867813105865E-4, 2.2390288609950028E-4, 7.205693505638233E-5, 4.0855129211825485E-5, 0.02222360338816226, 5.320931316112821E-5, 3.818043746272311E-5, 0.0, 0.0, 0.0, 0.0, 0.0, 0.0, 0.0, 0.0, 6.0306797554600686E-5, 9.52032894081253E-5, 9.936467018524953E-5, 0.0, 0.0, 0.0, 0.0, 5.517671687873713E-5, 0.0, 0.0, 0.0, 9.584650278397868E-5, 1.8401361753447138E-4, 0.0, 0.0, 0.0, 1.688150178517559E-4, 0.0, 0.0, 0.0, 0.0, 0.0, 0.0, 0.0, 0.0, 5.668622846826295E-5, 8.251918596281063E-5, 0.0, 0.0, 0.0, 6.769699759248037E-5, 0.0, 0.0, 0.0, 3.570864780747809E-5, 1.775836397236903E-4, 0.0, 8.054350029900821E-5, 4.1728647779038984E-5, 0.0, 0.0, 7.37467484416776E-5, 0.0, 0.0, 0.0, 0.0, 7.982087079654425E-5, 7.481714603132844E-5, 8.92739905239838E-5, 1.0136628647097463E-4, 0.0, 0.015540134685568583, 0.0, 0.0, 0.0, 0.0, 0.0, 0.0, 0.0, 1.8401361753447138E-4, 0.0, 9.787812462376548E-5, 0.0, 1.688150178517559E-4, 0.0, 0.0, 0.0, 0.0, 1.0248137262317226E-4, 5.069003138389452E-5, 0.0, 0.0, 0.0, 0.0, 0.0, 8.467831895108468E-5, 6.434027897681438E-5, 0.0, 3.5838221774801877E-5, 0.0, 0.006996334014316059, 0.01584365883733159, 5.1481690567675076E-5, 0.0, 4.1540402338672976E-5, 0.0, 3.8621534166728694E-5, 5.21659439986022E-5, 0.0, 3.35059716805627E-5, 0.0, 0.0, 6.35677861165723E-5, 0.0, 0.0, 0.0, 0.012851829756169122, 0.0, 5.43504782011851E-5, 4.385111035971848E-5, 0.0, 0.0, 6.279116528985331E-5, 0.0, 0.0, 0.0, 0.0, 0.0, 0.0, 0.010087702142597884, 0.0, 0.0, 0.0, 9.025365305247437E-5, 0.016122478598331345, 0.0, 0.0, 0.006758066134063263, 0.0, 0.0, 8.543865809280306E-5, 3.5674052080536475E-5, 4.150505892307718E-5, 0.033283989941982554, 0.3013168242701624, 0.0, 6.781916176264376E-5, 5.75655550840144E-5, 4.860320342106923E-5, 3.9897545213498536E-5, 1.1746437440664229E-4, 0.0, 0.0, 4.715431033435118E-5, 0.0, 5.6400971673963494E-5, 0.0, 0.0, 0.0, 0.05542064376598604, 0.0, 0.0, 0.0, 0.0, 0.0, 0.0, 0.0, 7.867822219126507E-5, 0.0, 6.565808590303603E-5, 0.0, 0.0, 7.838527025181098E-5, 1.742513902443148E-4, 3.4201532957446947E-5, 0.0, 0.03751462074459902, 0.0, 0.0, 0.0, 0.0, 0.0, 0.0, 0.009678925983585718, 0.0, 0.0, 5.961914715912989E-5, 3.723814534623416E-5, 5.163279668864434E-5, 0.0, 0.0, 0.0, 0.0, 6.620402861850785E-5, 0.0, 0.0, 0.0, 5.170587913898985E-5, 0.0, 0.0, 0.0, 1.1916170248570056E-4, 0.0, 0.0, 0.0, 0.0, 0.0843090145378141, 8.219713745550287E-5, 4.077626351532531E-5, 0.0, 0.0, 0.0, 0.0, 0.0, 0.0, 0.0, 0.0, 0.0, 0.0, 0.0, 0.0, 6.604241031977687E-5, 0.0, 0.0, 2.2464515902940953E-4, 0.0, 0.0, 0.0057759100387700475, 0.0, 0.0, 0.0, 0.0, 0.0, 0.0, 0.0, 0.05805860950615837, 0.0, 1.654061712959708E-4, 0.0, 0.0, 0.0, 0.0, 0.0, 0.0, 0.0, 0.0, 0.0, 0.0
6.94416053606799E-5, 0.03129654678910627, 1.6939329018132525E-4, 0.011482109500220852, 0.0, 0.0, 7.82710839925137E-5, 0.0, 0.08024360141652258, 2.682607247161363E-4, 8.633227537075429E-5, 0.005066988269446181, 6.477449272209837E-5, 0.006599195029217683, 4.5744438591906474E-5, 0.1755633805859021, 0.0, 0.0, 0.0, 0.0, 0.0, 0.0, 0.0, 7.225429515060906E-5, 1.1406419924678567E-4, 1.1904999930742024E-4, 0.0, 0.0, 0.0, 0.0, 6.610788415996271E-5, 0.0, 0.0, 0.0, 1.1483484088236002E-4, 2.204689151505555E-4, 0.0, 0.0, 0.0, 2.0225929116319952E-4, 0.0, 0.0, 0.0, 0.0, 0.0, 0.0, 0.0, 0.0, 6.79164480424026E-5, 9.886722326362459E-5, 0.0, 0.0, 0.0, 8.110858216983852E-5, 0.0, 0.0, 0.0, 0.004428704621644054, 2.1276508186158987E-4, 0.0, 9.650013064943028E-5, 4.999559179266146E-5, 0.0, 0.0, 0.009146315688450183, 0.0, 0.0, 0.0, 0.0, 0.9805841907189811, 8.963931713965505E-5, 0.011072055614029066, 1.2144815970975475E-4, 0.0, 0.0, 0.0, 0.0, 0.0, 0.0, 0.0, 0.0, 0.0, 2.204689151505555E-4, 0.0, 1.1726895129774852E-4, 0.0, 2.0225929116319952E-4, 0.0, 0.0, 0.0, 0.0, 1.227841577601619E-4, 6.073233262783559E-5, 0.0, 0.0, 0.0, 0.0, 0.0, 1.0145410631048051E-4, 7.708685746501922E-5, 0.0, 4.293820197375037E-5, 0.0, 0.0, 5.985369453864188E-5, 6.168082896063758E-5, 0.0, 0.005151978109451333, 0.0, 4.6272921826525676E-5, 6.25006411768519E-5, 0.0, 0.004155521442156303, 0.0, 0.0, 7.616132453359248E-5, 0.0, 0.0, 0.0, 0.0, 0.0, 6.511795772225654E-5, 5.253853958576376E-5, 0.0, 0.0, 7.523084583617765E-5, 0.0, 0.0, 0.0, 0.0, 0.0, 0.0, 0.0, 0.0, 0.0, 0.0, 1.0813398075349569E-4, 1.0541082871284247E-4, 0.0, 0.0, 0.0, 0.0, 0.0, 1.0236507772643975E-4, 4.274150830031334E-5, 4.97277073112077E-5, 0.02552188561767934, 6.189118627875606E-5, 0.0, 8.125494852265015E-5, 6.896997977356055E-5, 5.823207909641557E-5, 4.780172591706409E-5, 1.4073547132684218E-4, 0.0, 0.0, 0.014883343903204548, 0.0, 6.757467846675287E-5, 0.0, 0.0, 0.0, 9.095909024637497E-5, 0.0, 0.0, 0.0, 0.0, 0.0, 0.0, 0.0, 9.426531864813273E-5, 0.0, 7.866573769842125E-5, 0.0, 0.0, 9.391432942707361E-5, 2.0877267392150196E-4, 4.0977265534175774E-5, 0.0, 0.0, 0.0, 0.0, 0.0, 0.0, 0.0, 0.0, 6.328205695901064E-5, 0.0, 0.0, 7.143041299056243E-5, 4.461546714152824E-5, 6.18618710107264E-5, 0.0, 0.0, 0.0, 0.0, 7.931983819286901E-5, 0.0, 0.0, 0.0, 6.194943196822566E-5, 0.0, 0.0, 0.0, 1.4276906039083876E-4, 0.0, 0.0, 0.0, 0.0, 0.00637092634796084, 9.848137309675475E-5, 4.885452882003618E-5, 0.0, 0.0, 0.0, 0.0, 0.011182044095347862, 0.009540401489073659, 0.0, 0.05455167453659776, 0.24697094686929993, 0.07947506949849698, 0.04413208339532934, 0.0, 7.912620137692509E-5, 0.0, 0.0, 2.691500507877356E-4, 0.0, 0.0, 0.0, 0.0, 0.0, 0.0, 0.0, 0.0, 0.0, 0.0, 0.02504185710172704, 0.0, 1.9817511135010574E-4, 0.055478857700695126, 0.0, 0.0, 0.0, 0.0, 0.0, 0.0, 0.0, 0.0, 0.0
0.0022184481854170563, 0.26302940890827425, 2.822288120978408E-4, 1.8480806501569797E-4, 0.0, 0.0, 1.3040867813105865E-4, 0.08024360141652258, 0.0, 4.469533922394274E-4, 1.4383955525930166E-4, 8.155472629098138E-5, 1.0792179616813102E-4, 1.0621606282255663E-4, 7.621552512532573E-5, 0.007488227745140237, 0.0, 0.0, 0.0, 0.0, 0.0048487170736593406, 0.0, 0.0, 1.2038401206738772E-4, 0.009185691751759682, 1.9835106720470403E-4, 0.0, 0.0, 0.0, 0.0030465244209642987, 1.1014338051286544E-4, 0.005890044223765577, 0.0, 0.0, 1.9132812577747564E-4, 3.673267102896184E-4, 0.0, 0.0, 0.0, 3.3698737074908206E-4, 0.0, 0.0, 0.0, 0.0, 0.0, 0.0, 0.0, 0.13260079137304912, 1.1315665710485844E-4, 1.647242281393561E-4, 0.0, 0.0, 0.0, 0.006531746500253482, 0.0, 0.0, 0.0, 0.009457298420430773, 3.544912330672492E-4, 0.0, 1.6078037808535154E-4, 8.329843801172578E-5, 0.0, 0.0, 1.4721274904865586E-4, 0.0, 0.0, 0.0, 0.0, 0.01649395920664992, 1.4934946931195227E-4, 0.018447325157234306, 2.0234667978679888E-4, 0.0, 0.0, 0.0, 0.0, 0.0, 0.0048487170736593406, 0.0, 0.0, 0.0, 3.673267102896184E-4, 0.0, 1.9538363523900572E-4, 0.0, 3.3698737074908206E-4, 0.0, 0.0, 0.0, 0.0, 2.045726070494893E-4, 1.0118708996759669E-4, 0.0, 0.0, 0.0, 0.0, 0.0, 0.008170189714846855, 1.2843561977820563E-4, 0.0, 7.154001037288264E-5, 0.0, 0.0, 9.972317729483609E-5, 1.0276739455344726E-4, 0.0017470580049713997, 0.011001816241815746, 0.0, 7.70960393142912E-5, 1.0413329651850027E-4, 0.0, 6.688438886960425E-5, 0.0, 0.0, 1.268935748748072E-4, 0.0, 0.0, 0.0, 0.0, 0.0, 0.0020803207874684738, 8.753528313177654E-5, 0.0, 0.0, 1.253432897532854E-4, 0.0, 0.0, 0.0, 0.0, 0.0, 0.0, 0.0, 0.0, 0.0, 0.0, 1.8016371783558622E-4, 1.7562663159815213E-4, 0.0, 0.0, 0.0, 0.0, 0.0, 0.003270253038546295, 7.121229596493962E-5, 8.285211148427472E-5, 0.004724712565955712, 1.0311787417365604E-4, 0.0, 1.3538014152786635E-4, 1.1491196281191337E-4, 9.702137842518109E-5, 7.964320373822506E-5, 0.0070719641981014875, 0.0, 0.0, 0.002838933899364824, 0.0, 1.1258722946552542E-4, 0.0, 0.0, 0.0, 1.515483639420142E-4, 0.0, 0.0, 0.0, 0.0, 0.0, 0.0, 0.0, 1.570569228309371E-4, 0.0, 1.3106621684755128E-4, 0.0, 0.0, 1.5647213419608253E-4, 3.478394197095014E-4, 6.827286347852756E-5, 0.0, 0.0, 0.0, 0.0, 0.0, 0.0, 0.0, 0.0, 1.0543522558379615E-4, 0.0, 0.0, 1.1901132910521335E-4, 7.4334528121303E-5, 0.0019762987156970056, 0.005301049033288133, 0.0, 0.0, 0.0, 1.3215602391926585E-4, 0.0, 0.0, 0.0024904927762845618, 0.003112961933772677, 0.0, 0.0, 0.0, 0.0071741521463042236, 0.0023324917625508123, 0.0, 0.0, 0.0, 0.0030926669783420857, 1.6408135713704629E-4, 8.139729513323196E-5, 0.0, 0.0, 0.0, 0.002144542006117155, 0.0, 0.01589541224634984, 0.0, 0.09088939878274678, 0.0, 0.0, 0.0, 0.0, 1.318334025894377E-4, 0.0, 0.0, 4.484351123269612E-4, 0.0, 0.0, 0.0015649910010525504, 0.0019154180260332581, 0.0, 0.0025868407732378396, 0.0, 0.0, 0.0, 0.0, 0.0, 0.0, 3.30182654837315E-4, 0.09243419316462699, 0.0, 0.0, 0.0, 0.0, 0.0, 0.0, 0.0, 0.0, 0.0
1.986452092208903E-4, 0.15915937945328962, 0.07949720348138327, 0.042803521282282105, 0.0, 0.0, 2.2390288609950028E-4, 2.682607247161363E-4, 4.469533922394274E-4, 0.0, 2.4696279434302363E-4, 1.4002395280208405E-4, 1.852944296452579E-4, 1.8236580078049447E-4, 1.3085690527435206E-4, 0.0, 0.0, 0.0, 0.0, 0.0, 0.0, 0.0, 0.0, 2.066912120298966E-4, 3.262929565971832E-4, 3.4055537594987695E-4, 0.0, 0.0, 0.0, 0.0, 1.8910873980949102E-4, 0.0, 0.0, 0.0, 3.284974601961118E-4, 6.306751341549919E-4, 0.0, 0.0, 0.0, 5.785845387833262E-4, 0.0, 0.0, 0.0, 0.0, 0.0, 0.0, 0.0, 0.0, 1.9428233205221932E-4, 2.828203660944121E-4, 0.0, 0.0, 0.0, 2.3201985597902649E-4, 0.0, 0.0, 0.0, 0.0893412470239967, 6.086374873070986E-4, 0.0, 2.760490421143633E-4, 0.004313416485177513, 0.1288245203121898, 0.0, 0.0340960446525543, 0.0, 0.0, 0.06050118531791315, 0.0, 2.735723533534055E-4, 2.564229443593349E-4, 3.059713009539509E-4, 3.474155726920556E-4, 0.0, 0.0, 0.0, 0.0, 0.0, 0.0, 0.25490637505465213, 0.0, 0.0, 6.306751341549919E-4, 0.0, 3.354604958318833E-4, 0.0, 5.785845387833262E-4, 0.0, 0.0, 0.0, 0.0, 3.512373393528837E-4, 1.7373139429406446E-4, 0.0, 0.0, 0.0, 0.0, 0.0, 2.9022042433620555E-4, 2.205152782655911E-4, 0.0, 1.2282936245990286E-4, 0.0, 0.0, 1.7121795517999473E-4, 1.7644467045604365E-4, 0.0, 1.4237260898850127E-4, 0.044108475897019814, 0.003992239648879672, 0.005392301327373609, 0.0, 0.022188372732240707, 0.0, 0.0, 2.1786769139243113E-4, 0.0, 0.0, 0.0, 0.0, 0.0, 1.8627694835953728E-4, 0.004532811686602518, 0.0, 0.0, 2.1520595662170521E-4, 0.003405686125104626, 0.0, 0.0, 0.0, 0.3611935713628781, 0.0, 0.0, 0.0, 0.0, 0.0, 3.0932892635613974E-4, 3.015390559456531E-4, 0.0, 0.0, 0.0, 0.0, 0.0, 2.928263564222736E-4, 1.2226669897150304E-4, 1.422514754894101E-4, 0.0, 1.7704642027521547E-4, 0.0, 2.3243855273331586E-4, 1.9729607331107595E-4, 1.6657914913391114E-4, 1.3674199777776965E-4, 4.025890098783777E-4, 0.0, 0.0, 1.616133164195417E-4, 0.0, 0.0058300686446089035, 0.0, 0.0, 0.0, 2.601982978170608E-4, 0.0, 0.0, 0.0, 0.0, 0.0, 0.0, 0.0, 0.008132828612642808, 0.0, 2.2503183563303444E-4, 0.0, 0.0, 2.686520785483464E-4, 5.972167733642875E-4, 1.172198920669743E-4, 0.0, 0.0, 0.0, 0.0, 0.0, 0.0, 0.0, 0.0, 1.8102515601790638E-4, 0.0, 0.0, 2.0433440816273698E-4, 1.2762736055400804E-4, 1.7696256078606815E-4, 0.0, 0.0, 0.0, 0.0, 2.2690296071570191E-4, 0.0, 0.0, 0.0, 1.772130383582913E-4, 0.0, 0.0, 0.0, 4.084063109472216E-4, 0.0, 0.0, 0.0, 0.0, 1.7605769794883037E-4, 2.81716600034747E-4, 1.397536541449145E-4, 0.0, 0.0, 0.0, 0.0, 0.0, 0.0, 0.0, 0.0, 0.0, 0.0, 0.0, 0.0, 2.26349041698187E-4, 0.0, 0.0, 7.699327783803918E-4, 0.0, 0.0, 0.0043111161851659635, 0.0, 0.0, 0.0, 0.0, 0.0, 0.0, 0.007027435692120497, 0.005094039880535518, 0.0, 5.669013014898644E-4, 0.0, 0.0, 0.0, 0.0, 0.0, 0.0, 0.0, 0.0, 0.0, 0.0
6.392845214925132E-5, 0.001422806466165784, 1.5594470763622144E-4, 1.0211515774547426E-4, 0.0, 0.0, 7.205693505638233E-5, 8.633227537075429E-5, 1.4383955525930166E-4, 2.4696279434302363E-4, 0.0, 0.006078883308357141, 0.010927540903245393, 5.868937597126657E-5, 4.211266629606078E-5, 0.20687992089633112, 0.0, 0.0, 0.0, 0.0, 0.0029850961740522266, 0.0, 0.0, 6.651783503739504E-5, 0.012996422826089713, 1.0959830413716547E-4, 0.0, 0.0, 0.0, 0.0, 6.085940391581764E-5, 0.0, 0.0029332834368877175, 0.0, 1.0571779831823524E-4, 2.0296530328459616E-4, 0.0, 0.0, 0.0, 1.8620138963822898E-4, 0.0, 0.0, 0.0, 0.0, 0.0018797155547821273, 0.0, 0.07171498813950192, 9.045454424673319E-4, 6.25243811152487E-5, 9.101789220899555E-5, 0.0025559070065941042, 0.0, 0.0, 0.009241474850695259, 0.0, 0.0, 0.0, 3.9386305368242213E-5, 0.004162303327215289, 0.0, 8.883872935506401E-5, 4.602630916998383E-5, 0.0, 0.0, 8.134197547045095E-5, 0.0, 0.0031187006483369907, 0.0, 0.0, 8.804167575601436E-5, 0.7675905372221853, 9.846837861731723E-5, 1.1180606822514378E-4, 0.0, 0.0, 0.0, 0.0, 0.0, 0.0029850961740522266, 0.0, 0.0, 0.0, 2.0296530328459616E-4, 0.0, 1.0795865825239034E-4, 0.0, 1.8620138963822898E-4, 0.0, 0.0, 0.0, 0.0, 1.1303599784721019E-4, 5.591063167599828E-5, 0.0, 0.0, 0.0, 0.0, 0.08681880891877727, 0.014490725639639072, 7.096672741352056E-5, 0.0, 3.952922424526899E-5, 0.0, 0.0, 5.510175099488812E-5, 5.678382436948987E-5, 0.0, 4.581867620559916E-5, 0.0, 4.259919184512542E-5, 5.753854951968498E-5, 0.0, 0.009735892582426122, 0.0, 0.0, 7.011467499606918E-5, 0.0, 0.0, 0.0, 0.0, 0.09189888481423829, 5.994807036332445E-5, 4.836736559379507E-5, 0.0, 0.0, 0.11366980651781458, 0.0, 0.0, 0.0, 0.020071734287708906, 0.0, 0.0, 0.0, 0.0, 0.0, 0.0, 9.95489372459437E-5, 9.70419834677033E-5, 0.0, 0.015200896981424773, 0.0, 0.004737835783529707, 0.0, 9.423804272956143E-5, 8.361481153393651E-4, 4.577969274795277E-5, 0.0, 5.6977480862247116E-5, 0.0, 0.002578826379227876, 6.349427016826281E-5, 5.360887990320752E-5, 0.001517105776433826, 1.2956210902224843E-4, 0.016338926695823826, 0.0, 5.201076434679989E-5, 0.0, 6.220974553259604E-5, 0.0, 0.0, 0.007496258169703951, 8.373760684466239E-5, 0.0, 0.0, 0.0, 0.0016140720558924257, 0.0, 0.0, 0.0, 8.6781345005358E-5, 0.0, 7.242025615794086E-5, 0.0, 0.0, 8.645822174939587E-5, 1.9219765766560485E-4, 3.772397175011209E-5, 0.0, 0.0, 0.01624038585747584, 0.0, 0.0, 0.0, 0.0, 0.0, 5.825792663055303E-5, 0.0, 0.0, 6.57593630670021E-5, 4.107332688320436E-5, 5.6950493011091575E-5, 0.0, 0.0, 0.0, 0.0, 0.0025174108758537666, 0.0, 0.013043993185334755, 0.0, 5.7031102271959886E-5, 0.0, 0.0, 0.0, 1.3143424605729687E-4, 0.001435990619915463, 0.0, 0.005586769252046989, 0.0, 5.6659287998804235E-5, 9.066267571016319E-5, 0.013353978056126604, 0.0011990978583970705, 0.0, 0.0, 0.0, 0.0, 0.0, 0.0, 0.0, 0.0, 0.009145666620003639, 0.0, 0.0, 7.284416240384066E-5, 0.0, 0.0, 2.477815144592713E-4, 0.0, 0.0, 0.00867133247997121, 0.0, 0.0, 0.0, 0.0, 0.0, 0.0, 0.0, 0.0, 0.0, 1.8244146369190078E-4, 0.0, 0.0, 0.0, 0.0, 0.0, 0.0, 0.001975944789609648, 0.0013955059488847132, 0.0, 0.0
4.167467174684728E-4, 0.0, 0.018780900090535596, 0.005993312515011541, 0.0, 0.0, 4.0855129211825485E-5, 0.005066988269446181, 8.155472629098138E-5, 1.4002395280208405E-4, 0.006078883308357141, 0.0, 0.025036459616166747, 0.0034445794265288584, 0.04768411088539496, 0.0, 0.0, 0.0, 0.018254878352353114, 0.0, 0.0, 0.013289346559116207, 0.0, 0.001137470771625684, 6.845446669884179E-4, 6.214048479049544E-5, 0.0, 0.0, 0.0, 0.0, 3.4506308224043413E-5, 0.0, 0.0, 0.0, 5.994030008217299E-5, 1.1507807936489601E-4, 2.782962688028991E-4, 0.008760250646050823, 0.0, 1.055732085626296E-4, 0.0, 0.0, 0.0, 0.0, 0.0, 0.0, 0.0, 2.6586807161734736E-4, 3.545032365523367E-5, 5.160568852778527E-5, 0.0, 0.0, 4.5069169823369804E-4, 4.8676488975500767E-4, 0.0, 0.0010552523880555148, 0.0, 2.233140493329136E-5, 1.1105691230814289E-4, 0.0, 5.0370138057850336E-5, 2.609618084382515E-5, 0.011049035139075599, 0.0013404858964657367, 0.004774099069581292, 0.0, 0.010181681470763775, 0.0, 0.0, 0.00516731588924657, 0.006311740845386922, 5.582999510791882E-5, 6.339225170249362E-5, 0.0, 0.0, 0.0, 0.0, 0.0, 0.0, 0.0, 0.011150002907806315, 0.0, 1.1507807936489601E-4, 0.0, 7.037776598116998E-4, 0.010229070671707955, 1.055732085626296E-4, 0.0, 0.0, 0.0, 0.0, 6.408960211840649E-5, 3.1700433548142846E-5, 0.0, 0.0, 0.0, 0.0, 3.1503920314061813E-4, 0.007143651325839978, 4.023699892246491E-5, 0.0013744377771242335, 0.0030233920992834163, 0.0, 0.004375353801258542, 3.124181114465251E-5, 9.71016878181765E-4, 0.0, 2.59784562753026E-5, 0.0, 0.004426048273785757, 3.2623436917603614E-5, 0.0, 0.005987904217561046, 0.0, 0.0, 3.975389883524936E-5, 0.0, 0.0, 0.0, 0.0, 0.003001259360932631, 3.398959668180188E-5, 2.7423522377463014E-5, 0.0, 0.01430179124585854, 3.9268217208361836E-5, 0.0, 0.0, 0.0, 0.0, 0.0, 0.004505149846009975, 0.0, 0.0, 0.0, 0.0, 5.644265456059945E-5, 5.502125188148267E-5, 0.0, 0.0, 9.204043045197097E-4, 0.0, 0.0, 5.3431462348116434E-5, 2.230976952465141E-5, 2.5956353278581732E-5, 0.0, 0.013279505588670523, 0.0010663001990848624, 4.2412615894148256E-5, 3.6000235229338525E-5, 3.0395377122729623E-5, 2.8687718640422045E-4, 7.345964272444774E-5, 0.008046935229114718, 0.0011502768278456488, 3.390558442421005E-4, 0.0, 3.527193031427552E-5, 0.0, 0.0, 0.004495930210958622, 4.7477883216248516E-5, 0.0, 0.02117631823830131, 0.0, 0.0, 0.0, 0.0, 0.0, 4.920363405126366E-5, 0.0, 4.106112646299835E-5, 0.0, 0.0011216315615660013, 4.902042833534819E-5, 1.0897299658935446E-4, 2.1388888370399442E-5, 0.0, 0.0, 0.0, 0.0, 0.0, 0.0, 0.0, 0.0, 3.3031312228891094E-5, 0.0, 0.0, 3.7284506659734117E-5, 7.023636412220496E-4, 3.229001828657747E-5, 0.0, 0.004402893732218467, 0.0, 0.0, 4.140254705991686E-5, 0.0, 0.003858256257386206, 0.0, 3.233572244768102E-5, 0.03110591724763995, 0.0018046020911594842, 0.0, 8.568139657040564E-4, 4.220728324451335E-4, 0.0, 0.017245869988520388, 0.017167199340483854, 0.003662664558199344, 5.1404286456678396E-5, 2.5500580619483116E-5, 0.0, 0.0, 0.0, 0.0, 0.00935329169453394, 0.0019264079224485414, 0.0, 0.0, 0.0, 0.0, 0.0, 9.540521805022485E-4, 4.1301474521604854E-5, 0.0, 0.02024829776760891, 1.4048815400785898E-4, 0.0, 0.0, 0.0, 0.0, 0.0, 0.0, 0.045190421799350476, 0.023107797854376628, 0.0, 0.0, 0.0, 0.0, 0.00311979234389515, 0.0, 0.0, 0.0, 0.0, 0.0, 0.0, 0.0, 0.0, 0.0, 0.0
0.009293115910533535, 0.0, 1.1700420597571849E-4, 0.0011152100681048767, 0.0, 0.0, 0.02222360338816226, 6.477449272209837E-5, 1.0792179616813102E-4, 1.852944296452579E-4, 0.010927540903245393, 0.025036459616166747, 0.0, 0.14449829862919628, 3.632877616309181E-4, 0.0, 0.001728259276107498, 0.0, 0.0, 0.0, 0.0, 4.389606704454654E-4, 0.0, 4.990785894401522E-5, 9.058615408151371E-4, 8.223082877405602E-5, 0.0, 0.0, 0.0, 0.0, 4.566237828305639E-5, 0.0, 0.0, 0.0, 7.931931283350075E-5, 1.5228342475611618E-4, 3.682709091431182E-4, 0.0, 0.0, 1.3970557947383668E-4, 0.0, 0.0, 0.0, 0.0, 0.0, 0.0, 0.030266575866488246, 3.518246107567943E-4, 4.69115988442411E-5, 6.829007773921719E-5, 0.0, 0.0, 5.964026832473681E-4, 6.441385263989531E-4, 0.0, 0.0, 0.0, 2.9551265033491717E-5, 1.4696219334264132E-4, 0.0, 6.66550673353321E-5, 3.453321270119234E-5, 0.003881217720399006, 0.0017738720030579943, 8.883440226405294E-4, 0.0, 7.338048498741095E-4, 0.0, 0.0, 6.605704368393355E-5, 0.011346130984917742, 7.388012474723814E-5, 0.0023582036841468465, 0.0, 0.0, 8.871063697604233E-4, 0.0, 0.0, 0.0, 0.0, 0.0, 0.0, 1.5228342475611618E-4, 0.0, 9.313126608859905E-4, 0.0, 1.3970557947383668E-4, 0.0, 0.0, 0.0, 0.0, 8.481010593599593E-5, 4.194934963815064E-5, 0.0, 0.0, 0.0, 0.0, 4.1689302646917244E-4, 7.007690292293863E-5, 5.324583127940397E-5, 0.0, 2.965849605132444E-5, 0.0, 5.861704560545788E-4, 4.13424522111269E-5, 4.2604499911054495E-5, 0.0, 3.437742716348186E-5, 0.0, 3.196187092590052E-5, 4.317076482806906E-5, 0.0, 2.772840502601223E-5, 6.832514527803516E-4, 0.0, 5.2606542405387495E-5, 0.0, 0.0, 0.0, 0.0, 0.07292266245175641, 0.018489020364212176, 3.628969070012103E-5, 0.02603594711982452, 0.00841139342797565, 5.196383736641102E-5, 0.0, 0.023017878625256043, 0.0027719896224041663, 0.0, 0.0, 0.0, 0.0, 0.0, 0.0, 0.0, 7.46908602077039E-5, 7.280991060263559E-5, 0.0025955186809904496, 0.0, 0.0, 0.0, 0.0, 7.070613379198184E-5, 2.9522634783996132E-5, 3.434817815223139E-5, 0.027544700472853442, 4.2749799001421585E-5, 0.0014110406345928684, 5.6124836605474215E-5, 4.7639299708557575E-5, 4.022236163957857E-5, 3.7962608231850454E-4, 9.720952971389316E-5, 0.0, 0.0015221673469758218, 0.007560672054781118, 0.014780983533869252, 4.667553000241892E-5, 0.0, 0.0, 0.0, 6.282773136502968E-5, 0.0, 0.0, 0.0, 0.0, 0.0, 0.0, 0.0026751674967322816, 6.511142647779326E-5, 0.0, 5.4336403567374834E-5, 0.0, 0.0, 6.48689893950015E-5, 1.4420453676450233E-4, 4.1198734872926833E-4, 0.0, 0.0, 0.0, 0.0, 0.0, 0.0, 0.0028411253933648146, 0.0, 4.371050836236436E-5, 0.0, 0.0, 4.9338782814431645E-5, 3.081702528796958E-5, 4.2729550208478825E-5, 0.0, 0.0, 0.0, 0.0014730204297539239, 5.4788207230313684E-5, 0.0, 0.0, 0.0, 4.279003076408824E-5, 0.0, 0.0, 0.0, 0.001133826405483832, 5.585311883547649E-4, 7.06850167334676E-4, 0.0, 0.0, 4.887751767598844E-4, 6.802356132435875E-5, 3.374505180687711E-5, 0.0, 0.0, 0.0, 0.0, 7.07901196730205E-4, 6.74795034748483E-4, 0.0, 0.0, 0.0, 0.006861928674670905, 0.0, 5.869070349558587E-4, 5.465445741133955E-5, 0.0, 0.01190874596351553, 1.8590870953054495E-4, 0.0, 0.0, 0.006506039140085773, 0.0, 0.0, 0.0, 4.942208404892521E-4, 0.03114728147913459, 0.0, 0.0, 0.0480473348148788, 0.0, 1.368845337548382E-4, 0.0, 0.0015851674816591355, 0.0, 0.0, 0.0, 0.0, 0.0, 0.0, 4.762408815908967E-4, 0.0
4.72069624895102E-5, 0.0, 9.546343089551661E-4, 0.007805630495753092, 0.0, 0.0, 5.320931316112821E-5, 0.006599195029217683, 1.0621606282255663E-4, 1.8236580078049447E-4, 5.868937597126657E-5, 0.0034445794265288584, 0.14449829862919628, 0.0, 3.1097437703169605E-5, 0.0, 0.0, 9.544107467954338E-4, 4.2266616275387747E-4, 3.7412457642929344E-4, 0.0, 3.0001581780692786E-4, 0.0, 4.911905165735362E-5, 7.754176112823534E-5, 8.093114815666146E-5, 0.0, 0.0, 3.1211111160029466E-4, 0.0, 4.494067197310673E-5, 0.0, 0.0, 0.0, 7.806564951754399E-5, 1.4987654380335568E-4, 2.5170158836542025E-4, 4.563705257951051E-4, 0.0, 1.3749749478721724E-4, 0.0, 0.0, 0.0, 0.0, 0.0, 0.0, 0.0, 0.0, 4.6170148263506046E-5, 5.571769888733852E-4, 0.0, 0.0, 0.0, 4.5709623567234583E-4, 0.0, 0.0, 0.0, 2.9084199251033788E-5, 1.4463941589986447E-4, 0.0, 6.56015658644313E-5, 3.398740588064546E-5, 0.0, 0.0012123857454978406, 0.006217739053975969, 0.0, 0.0, 0.0, 0.0, 0.006729860721473635, 6.0937529595090176E-5, 7.271242927856531E-5, 8.256143690889899E-5, 0.0, 0.0, 4.6952593282270747E-4, 9.524356434847749E-4, 4.824813572307646E-4, 0.0, 0.0, 0.0, 0.0, 1.4987654380335568E-4, 0.0, 6.608819284647495E-4, 0.0, 1.3749749478721724E-4, 0.0, 0.0, 0.0, 0.0, 8.346965914143597E-5, 4.128632875596037E-5, 0.0, 0.0, 8.455686543591038E-4, 0.0, 2.849332769316807E-4, 6.896931840976006E-5, 5.240426643197858E-5, 0.0, 2.9189735453460435E-5, 0.0, 0.0, 4.068902350786039E-5, 4.193112420058549E-5, 2.8592568954443964E-4, 3.3834082575735625E-5, 0.0, 3.145670486157447E-5, 0.06973415074927508, 0.0, 0.0028249569379239247, 0.0, 0.0, 5.1775081692516777E-5, 0.0, 0.0, 0.0, 0.0, 0.0, 4.4267712009559705E-5, 3.5716122266999864E-5, 0.0, 0.0, 5.114253478151143E-5, 0.0, 0.0, 0.0, 0.0, 0.0, 0.0, 0.0, 0.0, 5.603123785266826E-4, 0.0, 7.351035084454027E-5, 7.165913015964032E-5, 0.0, 0.0, 2.996813485775498E-4, 2.4878794670002874E-4, 0.0, 6.958860411375322E-5, 2.905602151041955E-5, 3.3805295853064357E-5, 0.0, 4.207412679930473E-5, 0.0, 4.579210991714905E-4, 4.6886347617711124E-5, 3.9586636272485014E-5, 3.2495998192726656E-5, 9.567310665360354E-5, 0.0, 0.0, 3.840653291335619E-5, 0.0, 4.5937810553944856E-5, 0.0, 0.0, 0.0, 6.183472198026032E-5, 0.0, 0.0, 0.0, 0.0, 0.0, 0.0, 0.0, 6.408232267055063E-5, 0.0, 5.3477601928278064E-5, 0.0, 0.0, 6.38437173718007E-5, 1.4192534483408711E-4, 2.78566750717699E-5, 0.0, 0.0, 0.0, 2.6167091440914354E-4, 0.0, 0.0, 0.0, 0.0, 4.301965188746342E-5, 0.0, 0.0, 4.855896993079952E-5, 2.5143531717090536E-4, 4.205419804404256E-5, 0.0, 0.0, 0.0, 0.0, 5.3922264711423486E-5, 0.0, 0.0, 0.0, 4.21137226880185E-5, 0.0, 0.0, 0.0, 8.045905664887562E-4, 3.8173850763185404E-4, 0.0, 0.0, 0.0, 0.004331007032016504, 6.694843043370048E-5, 3.321170208366223E-5, 0.0, 2.680423497202138E-4, 0.0, 0.0, 0.0, 0.0, 0.0, 6.592829798571223E-4, 0.0, 0.0, 0.0, 0.0, 5.3790628844721174E-5, 0.0, 0.0, 1.8297037180509674E-4, 0.0, 0.0, 0.0, 0.0, 0.0, 0.0, 0.0, 0.0, 0.0, 0.0, 0.0, 0.0, 1.347210364631949E-4, 0.0, 0.0, 0.0, 0.0, 0.0, 0.0, 0.0, 2.2441770751431564E-4, 0.0, 0.0
