0.0, 0.20468991944216564, 0.04930547121256567, 0.008010265138345435, 0.028916258047607373, 0.006730727072514391, 0.22622978157861992, 0.0, 0.002223153406826123, 0.0723801116111445, 0.0022216055980544677, 0.0022078383975189715, 0.004495156333612378, 0.0017450462196291249, 0.011368647534702112, 9.786363148290233E-4, 0.012983382126096957, 0.019586851759183267, 9.081098782476035E-4, 0.0014513270647292331, 0.0, 8.794219220424771E-4, 0.0018894493507818021, 0.006167277432622325, 0.0034624767757340377, 0.002150215214921907, 2.521520829331808E-5, 0.00704184381399202, 0.022054731636834225, 0.0023925726682448097, 8.118388120935082E-4, 6.502885374304124E-5, 0.002324174991450166, 0.006100587369800182, 7.439701724834265E-4, 0.00692907651836013, 0.0, 0.0036251225243679637, 2.1196768147647176E-5, 0.002090904152667562, 0.020024791791469154, 1.5926715537573016E-5, 0.007275530724145969, 9.858086754182532E-5, 1.6321357733498922E-4, 9.79466116479713E-5, 0.0, 0.0010196235824130849, 0.003199364172882, 0.0014656918330403143, 0.002334183673312096, 0.0, 0.007839544657474239, 0.0, 0.025374659280953064, 0.0, 4.46353742349471E-5, 2.3554029004787627E-4, 1.7318465765806315E-4, 0.02751062780504048, 0.006267968517788898, 3.1044243377248947E-4, 0.004057666922266383, 6.196837020382631E-4, 3.429237350443613E-4, 0.005841839623549724, 1.6407594925185287E-4, 0.006813736780354947, 0.006094238135377992, 5.967610327486826E-4, 1.002203683214685E-4, 0.00647727123419929, 1.8961189263330926E-5, 0.001078469328051885, 0.003801048892547892, 0.00124198061332133, 7.468074058750956E-4, 8.350804025814264E-4, 3.7764132855120215E-4, 0.001965764322545459, 0.0013832172394112872, 6.612294913260151E-4, 3.122400112895124E-5, 0.0, 0.0, 0.0, 0.0, 1.3032800440587384E-5, 0.009405019818416955, 0.008482106138055041, 0.0, 3.593751389503255E-4, 9.25353606621429E-5, 0.0, 0.00136742275972363, 0.003745230056929147, 5.9603019328981136E-5, 0.0013936833510151396, 7.662307070742557E-5, 8.957870235201275E-5, 0.0017718845822610573, 2.837928838227265E-4, 2.7679260880713235E-5, 0.0015744655550751475, 0.0, 7.954329286940699E-4, 0.0011945522381739593, 0.0011684313908918679, 0.004912239542443341, 5.502624765502737E-4, 2.317852141606652E-5, 0.007888000716018863, 0.0, 1.2654654272323873E-5, 3.118989260849411E-5, 1.589209965280422E-5, 0.004939461631690169, 1.1757204944776676E-5, 0.0, 1.324283485566928E-5, 1.0684741671589471E-5, 2.3959783799298227E-5, 0.01850499875246875, 0.0027678045949579297, 0.0014902930904712982, 0.0024660288048430493, 0.003494438967303749, 0.0, 0.0010663861110656939, 0.0, 3.6814533782329694E-5, 0.001434579341299797, 2.1057120905596365E-5, 0.0, 0.0, 0.0, 1.3119604154158905E-4, 1.4165821889940495E-5, 1.6012096027784762E-5, 6.492851058802095E-5, 5.72747219199717E-4, 2.747076527217095E-5, 0.002666280008926265, 0.0, 0.002883786235110704, 8.259244886079195E-4, 6.901442304651915E-4, 3.292414109536731E-4, 3.26560847469923E-5, 0.0, 0.0026698504742879844, 5.709910394462881E-4, 0.0, 2.0325599042780495E-5, 0.0, 0.0, 2.3026404694743763E-5, 0.0017124340963147924, 0.0020621617079084422, 0.010292933397336008, 0.004500040924996083, 5.74557743123397E-5, 1.9750137070350708E-4, 0.006648878638670929, 0.006682305700435565, 0.0016179480367108031, 0.003653573430663928, 6.818499694259299E-4, 7.13833291856993E-4, 6.810683901923862E-4, 9.599536493569426E-4, 0.0, 4.5393246775139E-4
0.20468991944216564, 0.0, 0.004749876035629107, 0.0034656517530397973, 0.0, 0.002174581564647016, 0.0010617070630279993, 0.0040960918392130225, 0.0011514718638924778, 0.020052886029513793, 0.005340915509228473, 0.012838089566937225, 0.0030799217092336312, 0.012737528477932365, 0.004406739776364407, 0.0, 0.00238183595510585, 0.0012885206350882414, 9.81765272769532E-4, 0.0, 0.0, 5.408199990557606E-4, 6.671461266136093E-4, 0.020653116954161697, 0.0, 0.0035840174995401502, 0.02129061311994167, 0.00479316839640511, 0.0, 0.012576171937926744, 0.0, 7.531824483029136E-4, 0.009218572502375249, 3.1089548508433896E-4, 0.0012412913707058894, 2.64430017668575E-4, 0.002615061215911538, 0.004569743246478021, 2.4550692209091165E-4, 0.008373042499654433, 6.464442305059268E-4, 1.8446769259402738E-4, 0.05650159233850413, 0.0013262555708856527, 0.0013641957169439564, 0.011348956691436346, 0.0, 0.005722357691933673, 0.0, 0.010900567367946524, 0.0, 0.0, 0.0018296214564035317, 0.0, 0.0, 0.0, 0.0012063556993222374, 0.005125586569372987, 0.0310966813352703, 0.01157315896296145, 9.058394674380829E-4, 0.036160194076853544, 0.012562883089576062, 0.0, 0.026570610272582933, 0.008758502853699146, 0.0012669158181531008, 0.0, 0.0, 0.0, 0.011122203651413675, 0.0010103694259673373, 8.053104305809211E-4, 0.0, 2.933765321151377E-4, 0.0015696769764018813, 0.0010698449890817977, 4.1646278783930886E-4, 6.764955318749942E-4, 0.011151690365270299, 0.0, 0.0, 0.010074315291328368, 0.030846920644747908, 0.0, 0.0, 0.0, 1.509495551447471E-4, 9.18895835242968E-4, 8.349663063702224E-4, 0.0, 0.008976472046624613, 0.001244922474738933, 0.0, 0.016018684705268578, 0.010639880312588992, 4.6022594013252975E-4, 0.02553735349298557, 0.0032542978822093895, 0.0062154787120322925, 0.0, 0.003834215968354052, 3.20588973622829E-4, 0.0029884887252235705, 0.0, 0.0022111026212280433, 0.012831805635584234, 2.2939759189137833E-4, 9.644177061778315E-4, 7.579889151907085E-4, 2.684601450484993E-4, 0.0, 0.0, 1.465697600163491E-4, 3.612500963033567E-4, 1.8406676169428624E-4, 1.8625335660296612E-4, 1.361752498436685E-4, 0.0, 1.5338223273128967E-4, 1.237536789975034E-4, 0.03439655232789262, 0.06452878973932437, 0.0, 3.0209313930764953E-4, 0.01146157914070981, 2.0542875637357267E-4, 0.0, 0.012102768288796174, 0.0, 4.263962701368173E-4, 0.0, 2.4388948851162404E-4, 0.0, 0.0, 0.0, 0.0010965820422138902, 1.6407252779586522E-4, 1.854565934119488E-4, 7.520202456987086E-4, 2.856346561334466E-4, 0.004938062325728776, 0.0032536977578374315, 0.0, 0.0, 0.0, 0.0014257173824074956, 0.023746595829316014, 8.825926661826908E-4, 0.0, 1.969563943698269E-4, 0.0011795677109243845, 0.0, 2.3541679683847998E-4, 0.0, 0.0, 0.005533242688802634, 0.01121377777556604, 7.224275176314796E-4, 0.0, 0.002043950505564769, 6.654689153326573E-4, 0.001525010897649077, 0.019774348412348326, 0.054339761515819415, 9.387700866812642E-4, 9.061162660700883E-4, 0.0, 0.0, 7.36308799065416E-4, 0.0, 0.012384858514553145, 0.0
0.04930547121256567, 0.004749876035629107, 0.0, 0.00250901101627957, 0.004194739018740855, 0.0017690274053679515, 0.0013483873158505679, 0.0, 5.7406087971518754E-5, 0.0245805572934786, 0.0022251732081025816, 0.004998516185880266, 0.006388100280663903, 8.451601378098486E-4, 0.016482622094121407, 0.0010027853794327443, 0.007856161380279175, 0.029301722955985893, 9.557777964481896E-4, 0.003909552586337133, 0.0018097935510873713, 0.0023616277641850866, 3.3260256229599946E-5, 7.254362045654508E-5, 0.0, 3.707163421265676E-4, 8.906409022560771E-4, 0.0, 0.0, 0.0012104431765946949, 0.0, 1.3769192497027968E-4, 0.0, 5.683589401517113E-5, 0.04648792601388999, 4.834137895107708E-5, 0.0, 0.001750673805516035, 4.48819814805758E-5, 4.457923210599894E-5, 3.222817294002871E-5, 3.372318585666541E-5, 0.002192706120983988, 3.8303924837154756E-4, 6.341717976858064E-4, 9.17026258801019E-4, 0.0, 0.00238409257762438, 0.0, 5.803612280754833E-5, 0.0, 0.0, 5.043017905459977E-4, 0.0, 0.0, 0.0, 9.45108247557934E-5, 0.08017385480653819, 0.0016214433151062284, 0.0016961813943342494, 4.2109635468351377E-4, 0.0021821347013799195, 1.2998737651461796E-4, 0.0, 0.0013869437018727687, 8.281241751819488E-4, 6.948279723054818E-4, 0.0, 0.0, 0.0, 3.8940958332597125E-4, 4.1666954191586867E-4, 4.014837259334619E-5, 0.0, 5.363319277959617E-5, 7.296935898177262E-4, 0.14257936158965714, 7.613502288229278E-5, 3.1448155293776337E-4, 0.0, 0.0, 0.0, 6.611361839019885E-5, 5.082473811386279E-4, 0.0, 0.0, 0.0, 5.388709446841152E-4, 4.2716585053314133E-4, 4.5792935669898625E-4, 0.0, 7.237461951948283E-4, 3.595492297811138E-4, 0.0, 8.209742578803144E-5, 3.737234630552895E-5, 2.5240655472345364E-4, 0.0, 1.6224148967054915E-4, 7.467866890798268E-4, 0.0, 0.002995545831424898, 5.8607994652340055E-5, 0.0044202191278069625, 7.263802219847218E-4, 0.0, 4.287449970428384E-5, 4.1936978327417464E-5, 1.7630858331637724E-4, 1.385706120394986E-4, 4.90781406720486E-5, 0.0, 0.0, 2.6794931884772884E-5, 6.604139709812153E-5, 3.364989027272049E-5, 3.40496293569022E-5, 2.4894675024002365E-5, 0.0, 2.8040343914807896E-5, 2.262384409211199E-5, 8.462973302712079E-4, 6.417076504003769E-5, 0.0, 5.5226706311743755E-5, 7.899924288807427E-5, 3.7555151441808254E-5, 0.0, 3.269448926256989E-5, 0.0, 7.795099762026497E-5, 0.0, 4.458629277520901E-5, 0.0, 0.0, 0.0, 5.097665946193003E-4, 2.999467424905607E-5, 3.390397028350792E-5, 1.374794586360747E-4, 5.221787327872074E-5, 5.816652659569129E-5, 0.0021768281474508983, 0.0, 0.0, 0.0014578929413827935, 6.982108834715423E-4, 0.011629325599882095, 7.096932139947704E-4, 0.0, 3.6006289229246924E-5, 0.001860831611804216, 0.0011174159079383982, 4.303737029462875E-5, 0.0, 0.0, 0.0017166522313007476, 0.0, 3.601628396720528E-5, 0.0, 0.0011209852816777357, 1.2165670637506172E-4, 8.363777723621575E-4, 6.0391038887334737E-5, 0.003014200806197476, 4.6801940951365864E-5, 4.2122502968511033E-4, 0.0, 0.0, 3.670832872152538E-5, 0.0, 0.0, 0.0
0.008010265138345435, 0.0034656517530397973, 0.00250901101627957, 0.0, 0.001816480192761296, 0.001575176136460747, 0.008340511832004998, 0.07085325797728712, 2.5303311715965535E-4, 0.0, 2.585723446985748E-4, 0.0023971586947867324, 0.009094192207695445, 0.0, 0.005430314266941149, 0.0, 0.002996597901361613, 0.001168781715390906, 2.1574051010522205E-4, 0.0016929837121957138, 0.0, 0.0011298420505167724, 0.00513520268666174, 0.0, 0.0, 8.786576275366052E-4, 0.0, 0.001448229319162274, 0.0, 0.0, 0.0, 0.0, 0.0, 0.0, 0.0, 0.0, 7.901262820491873E-4, 2.7750879879316664E-4, 0.0, 0.0, 1.4205453371812776E-4, 0.0, 3.475777382533739E-4, 1.5176187038063105E-4, 0.0, 0.0, 0.0, 2.770392909325312E-4, 0.0, 0.0, 0.0, 0.0, 1.833277365003537E-4, 0.0, 0.0, 0.0, 0.06399747840275491, 3.112637396145504E-4, 0.0, 0.0, 0.0, 0.001417935306820567, 0.0, 0.0, 0.0, 0.0, 0.0, 0.0, 0.0, 0.0, 1.5428582569785917E-4, 0.011596996535556802, 1.7696499143473853E-4, 0.0, 0.0, 0.0, 0.036940034080042684, 0.0, 0.0, 0.0, 0.0, 0.0, 0.0037883813722263213, 0.003571446919457585, 0.0, 0.0, 0.0, 0.03725080212834188, 0.008293006387849949, 0.0, 0.0, 0.015184005597284047, 1.4245501952470495E-4, 0.0, 1.809334888682494E-4, 0.0, 0.0, 0.0023410683295434346, 7.15123975776449E-4, 0.001407373471704162, 0.0, 0.0, 0.0, 0.001578599331302363, 0.0, 6.680724270277372E-4, 1.889811462543499E-4, 0.0, 0.0, 0.0, 0.0, 0.0, 0.0, 0.004018885737565387, 0.0, 0.0, 0.0, 0.0, 0.0, 0.0, 0.0, 0.017120671213647545, 1.4142514568016285E-4, 0.0, 0.0, 0.0, 0.004055599076290277, 0.0, 0.0, 0.0, 0.0, 0.0, 0.0, 0.0, 0.0, 0.0, 0.0, 0.0, 0.0, 0.0, 0.0, 0.0013958736683155285, 2.649884254567287E-4, 0.0, 0.0, 0.0, 0.0, 0.0, 1.523898020658328E-4, 0.0, 0.0, 0.0, 0.0, 0.0, 0.0, 0.0, 0.0011700421037025511, 0.0, 1.5875167465253368E-4, 0.0, 0.016605726470883042, 0.0, 0.0, 0.0065216576721090205, 0.025568404096710778, 2.06292423443341E-4, 0.0, 0.0, 0.0, 1.618020521923946E-4, 0.01791668805545046, 0.0, 0.0
0.028916258047607373, 0.0, 0.004194739018740855, 0.001816480192761296, 0.0, 0.014304936142167594, 0.008198441011644646, 0.0, 0.0, 7.189153442902609E-4, 0.014420878006343282, 0.0031502119254829776, 0.050888794044237975, 6.11881191466213E-4, 0.017901151156828055, 7.259991157915398E-4, 0.0017383425143945221, 0.05752907446616271, 0.004129578715755357, 0.28090851890997687, 0.07832436831605516, 0.1186068180294988, 0.001843801264900334, 0.0, 0.004655994824596771, 0.0020297157295399225, 0.0, 0.0, 0.031468371368917135, 0.030595241249766668, 0.0012445154176240292, 0.0, 0.0, 0.0015753650927026297, 9.24606677678346E-4, 0.0010586990223501074, 0.0, 0.010470492662461955, 0.0, 9.763062302278003E-4, 0.005860005817162936, 0.0, 0.0, 0.004985924116605047, 0.0, 0.0, 0.0, 0.0, 0.0, 0.005389118397461981, 0.029357136249673704, 7.574892204320263E-4, 0.0, 0.0, 0.0, 0.0, 0.0, 9.472223416760702E-4, 0.0, 0.005496410187346588, 0.008607720860164933, 0.0, 8.717942465974029E-4, 9.499495586423448E-4, 0.0, 0.0, 9.20502723101609E-4, 0.007722127941167604, 0.0013540765939811532, 0.0018296201039657402, 0.0, 0.009753679634956946, 0.0, 0.0, 0.0, 0.00930827048407781, 0.0, 0.0, 0.0, 0.0, 0.0, 0.0, 0.0, 0.0, 0.0, 0.0, 0.0, 3.701544148998234E-4, 8.409109036998305E-4, 0.0, 0.0, 0.0, 0.0, 0.0, 0.01023381282774612, 0.0, 3.3438625129139947E-4, 0.003444989814902548, 0.13009017775094772, 3.602396353886219E-4, 6.212917670254777E-4, 7.24513813120123E-4, 0.005730957734855026, 0.002639212090742928, 0.006729202070049902, 0.0015927822676871121, 0.0, 0.0, 0.0, 0.0, 0.0, 0.0, 0.0, 0.0, 0.0, 0.0, 0.0, 0.0, 0.0, 0.0, 0.0, 0.014399378463324689, 0.0, 0.0, 0.0, 0.0, 0.0, 0.0, 0.009279680770835954, 0.0, 0.0, 0.0, 0.0, 0.0, 0.0, 0.0, 0.0, 0.0, 0.0, 0.0, 0.0, 0.0, 8.063996056495489E-4, 0.0, 0.0, 0.023389637323057013, 0.0, 0.0, 4.637450714275338E-4, 0.0, 0.0, 9.289902445048041E-4, 8.08989618091143E-4, 0.0, 0.0, 0.0, 0.014492425536077606, 0.002849637079000208, 0.0, 0.0, 0.0, 0.0, 0.0, 0.0, 0.09676963316089221, 0.0, 0.0, 0.0, 0.0, 0.002034947129147232, 0.0, 0.0, 0.0020110346840964952
0.006730727072514391, 0.002174581564647016, 0.0017690274053679515, 0.001575176136460747, 0.014304936142167594, 0.0, 0.011219348762323049, 8.599672814953655E-4, 2.1975595863145838E-5, 4.103435777702522E-5, 4.491334108567767E-5, 0.001665690774237469, 0.001557861395171366, 0.0, 0.009840774113171054, 0.0, 0.0018429034336105259, 0.004495365273317713, 1.873678163001036E-5, 0.0011763874275289013, 0.0, 7.128240888810826E-4, 1.2732342074398104E-5, 0.0033879872277657362, 0.0, 6.10544436246143E-4, 0.012540257334961464, 0.0010063172793503459, 0.0, 0.009906411417515817, 0.0019741318030990712, 5.270977702341789E-5, 0.0, 2.6352999057986724E-4, 0.0014989949648390464, 0.003937053450051635, 5.490275055022894E-4, 0.002964457053455289, 1.7181248912897062E-5, 0.0027272568183697343, 0.0026190378316796907, 1.2909555933710633E-5, 0.004383844151206667, 0.0016079990767196629, 2.182175183061119E-5, 0.0015976534293628006, 0.0, 5.828533539984535E-4, 4.7934863201228804E-4, 0.005934437522139372, 0.0, 0.0, 3.184354912163586E-5, 0.0, 0.010283839832309538, 0.0, 3.617964161843524E-5, 0.004193893150975566, 0.002824896722460109, 0.03226063485763636, 0.0022334759755142345, 0.0037447390352149824, 0.0017086097449936781, 0.012047289153826865, 0.02778913696885674, 0.002962618614748043, 0.0, 0.004002581103081046, 0.0035799273122301524, 0.0, 1.3399522524984776E-5, 2.6310112861432067E-5, 1.536917845912283E-5, 0.0, 0.0014179426119894786, 8.795871037274296E-4, 4.930260509716747E-4, 6.768826341399766E-4, 2.513182606165816E-4, 0.0015933696068423954, 0.0011211803386910937, 5.359660680291777E-4, 0.0015564986558588747, 0.0, 0.0, 0.0017500427092117118, 0.0, 1.0563864587380564E-5, 0.001675277943520743, 0.002094939724013861, 0.0, 2.426048002348586E-4, 1.2372032455246574E-5, 0.0, 0.004213117286190013, 6.502153367021885E-4, 0.0, 0.005845664082516008, 0.009573301757088601, 0.0074424196799896284, 3.940644799080643E-4, 0.013146138348176198, 0.003956874305026737, 0.0018293693419138763, 0.011343090905814118, 0.002398455061257963, 1.6412765816813076E-5, 1.6053873726808664E-5, 6.749260071661311E-5, 0.002585548582921332, 1.878757851708436E-5, 0.001065616094420771, 0.0, 1.0257354491259387E-5, 2.528127423673066E-5, 1.2881497687830405E-5, 1.303452160698406E-5, 9.529918111529395E-6, 0.0, 1.0734110048417857E-5, 8.660622456728595E-6, 1.9420838426287884E-5, 2.4565178512920133E-5, 0.0, 4.909960886327145E-4, 3.0241660711388975E-5, 1.437646876536643E-5, 0.0, 8.643697512684114E-4, 0.0, 2.984038246399715E-5, 0.0, 1.706805646728639E-5, 0.0, 0.0, 0.0, 1.754098835664309E-5, 1.1482246267521176E-5, 1.2978761929851889E-5, 5.262844289214371E-5, 4.642458920480405E-4, 9.92204107129904E-4, 5.574999561554514E-4, 0.0, 2.620325740067567E-4, 0.001338922436022871, 1.6022549369299204E-5, 2.668698640578558E-4, 3.2060761832826857E-4, 4.0290945080414744E-4, 1.378354959540256E-5, 1.3256261104709836E-5, 0.0, 1.64751142261523E-5, 0.0, 0.0, 0.0012464843378949273, 0.0026959819292774884, 0.00198847722250271, 0.0, 0.0, 4.657134300226422E-5, 0.0, 2.3118263432304072E-5, 1.3051587017978225E-4, 1.7916227638927564E-5, 1.4494287031010986E-5, 0.0, 0.0, 1.405229698278652E-5, 0.0, 0.0, 0.0
0.22622978157861992, 0.0010617070630279993, 0.0013483873158505679, 0.008340511832004998, 0.008198441011644646, 0.011219348762323049, 0.0, 0.0, 0.005557024679104282, 0.001080040491933168, 5.104901231189706E-4, 0.0, 0.02000057112913442, 0.004938071510282255, 0.014737351199712144, 0.0033444758785871804, 0.005283160165984031, 0.006472132662519271, 0.0034503834345739836, 9.098396733432058E-4, 0.0019684274812662122, 7.779576674771843E-4, 0.001674423719804316, 0.006391085511894135, 0.003497395750928267, 0.0015246406913048862, 0.0, 0.018445591858472964, 0.012199626428010186, 0.0061287755495654135, 0.07104706843814759, 0.0, 0.010090926416152907, 0.001183350795896998, 0.002778109158291173, 0.003181008228547457, 0.0, 0.008412887982987506, 0.0, 0.059035633818748254, 0.04352307136616642, 0.0, 6.862102851765499E-4, 2.9961802754152237E-4, 0.0, 0.0, 0.0, 5.469487539427479E-4, 0.0, 0.003818951552677805, 0.005375610369247782, 0.0, 3.619373869478765E-4, 0.0, 0.029218840639320717, 0.0, 4.11221905512723E-4, 0.0020375473883678503, 0.0, 0.006252818537060486, 0.007880835705152842, 0.0, 0.002706400033297211, 0.054230851904190705, 0.0, 0.006491085462405516, 0.0, 0.009961770898944924, 0.008909854616527515, 0.0013743369179919323, 3.0460098216546157E-4, 0.0, 3.493756471542921E-4, 0.0, 0.003970378693454441, 0.0024277770190429906, 0.0, 0.0, 0.0, 0.004527142913641572, 0.003185540632520486, 0.0, 0.00747926571723619, 0.007050979793496917, 0.0, 0.0, 0.0, 0.006559594255744379, 0.10485529369392732, 0.0, 0.0, 2.18634641735352E-4, 2.8124384508658874E-4, 0.0, 0.0047676474651421104, 0.0015562206423068178, 0.0, 0.006419288043887593, 0.0014118436635789976, 0.03204394759504597, 0.004080639086982108, 0.001088451180447608, 0.0, 0.0, 7.900496661312009E-4, 0.0036637540982039523, 3.730987114302909E-4, 0.0, 0.0, 0.0, 0.0, 0.003027669367987748, 0.0, 0.005829312661386172, 0.0, 0.0, 0.0, 0.0, 0.0, 0.0, 0.004921880801283963, 0.0, 0.0016152769593729772, 0.0, 0.0, 0.0016448024363249997, 0.0, 0.0, 0.0024203202687360106, 0.0, 0.0, 0.0, 0.0, 0.0, 0.0, 0.0, 0.0, 0.0, 0.0, 0.0, 0.0, 0.0, 0.001734626959457846, 0.0, 0.0012825124300196175, 0.0015856817087439045, 0.0, 0.0, 9.975509630438702E-4, 0.0, 0.0, 0.0013956400967719267, 0.00121536082381796, 0.0, 0.0, 0.0, 9.825023693393385E-4, 0.0, 0.04297305565336393, 0.0, 0.0, 0.0, 0.0, 0.0012573706311947584, 0.0, 0.0023561538287881845, 0.0015766487726265976, 0.050423955942832055, 0.0016439535969231581, 0.0018480103069980298, 0.0, 0.0, 0.0
0.0, 0.0040960918392130225, 0.0, 0.07085325797728712, 0.0, 8.599672814953655E-4, 0.0, 0.0, 0.0, 0.0, 0.0, 0.0, 0.0, 0.0, 0.0013153801605456812, 0.0, 5.573526682182605E-4, 0.0, 0.0, 0.08526522831057384, 0.0, 0.0, 0.0, 0.0, 0.0, 0.0012292390890027744, 0.02520676606860949, 0.002026067985029786, 0.0, 0.0, 0.0, 0.0, 0.0, 0.0, 0.0, 0.0, 0.001105384032078899, 0.0, 0.0, 0.0, 0.0, 0.0, 0.0, 0.0, 0.0, 0.0, 0.0, 0.0, 0.026600462223763728, 0.0, 0.0, 0.0, 0.0, 0.0, 0.0, 0.0, 0.0, 0.0, 0.0, 0.0, 0.0, 0.0019836867628493554, 0.0, 0.0, 0.0, 0.0, 0.0, 0.0, 0.0, 0.0, 0.0, 0.0, 0.0, 0.0, 0.0, 0.0, 0.0, 0.0, 0.0, 0.0, 0.0, 0.0, 0.0, 0.0, 0.0, 0.0, 0.0, 0.0, 0.0, 0.0, 0.0, 0.0, 0.0, 0.0, 0.0, 0.0, 0.0, 0.003275146781311394, 0.0, 0.0018033014719150858, 0.0, 0.0, 0.0, 0.0, 0.0, 9.346310961754391E-4, 0.0, 0.0, 0.0, 0.0, 0.0, 0.0, 0.0, 0.0, 0.0, 0.0, 0.0, 0.0, 0.0, 0.0, 0.0, 0.0, 0.0, 0.0, 0.0, 0.0, 0.0, 0.0, 0.0, 0.0, 0.0, 0.0, 0.0, 0.0, 0.0, 0.0, 0.0, 0.0, 0.0, 0.0, 0.0, 0.0019528226041964877, 0.0, 0.0, 0.0, 0.0, 0.0, 0.0, 0.0, 0.0, 0.0, 0.0, 0.0, 0.0, 0.0, 0.0, 0.0016368849988618519, 0.018960215259161646, 0.0, 0.0, 0.0, 0.0, 0.0, 0.0, 0.0, 0.0, 0.0, 0.0, 0.0, 0.0, 0.0, 0.0, 0.0
0.002223153406826123, 0.0011514718638924778, 5.7406087971518754E-5, 2.5303311715965535E-4, 0.0, 2.1975595863145838E-5, 0.005557024679104282, 0.0, 0.0, 0.028258518414241835, 5.033226857663117E-4, 0.03359716067693146, 0.0045654185061012745, 0.0031699886050097423, 0.0029916033351534066, 0.0, 0.008995105758609257, 4.330633193277636E-4, 3.7795716376435494E-4, 0.0, 0.0, 2.0820332376753423E-4, 2.568359920899825E-4, 0.0051034218976102825, 0.0, 0.0, 4.58050463441326E-5, 0.004193703908573096, 0.0027736502806103734, 0.0, 0.0, 1.1812909196531024E-4, 0.002294226061014413, 4.8760830037767015E-5, 7.244058319684796E-5, 4.147318879501679E-5, 0.0, 5.401833444144404E-4, 3.850529157064715E-5, 3.824555586922856E-5, 2.488662358209187E-4, 2.8931902319508877E-5, 6.765756830422264E-4, 2.658725802987177E-4, 4.890522924612617E-5, 2.9348670464429805E-5, 0.0, 5.392694262702595E-4, 0.0, 4.979053412117454E-5, 0.0, 0.0, 3.568556754140974E-4, 0.0, 0.0, 0.0, 4.0544822427517914E-4, 6.058888532224574E-4, 5.1892958435044156E-5, 7.672723054170279E-5, 3.2473556590903906E-5, 5.069111297309789E-5, 1.1151918137493608E-4, 0.0, 5.59948766766525E-5, 3.343373707213503E-5, 0.0, 0.0, 0.0, 0.0, 2.702943135777493E-4, 5.8964198244378514E-5, 3.1002608743084715E-4, 0.0, 4.601315845952226E-5, 5.627155357536857E-5, 0.0, 6.531799974315585E-5, 2.4251776090047498E-5, 0.0, 0.0, 0.0, 2.8362517463979484E-4, 0.0, 0.0, 0.0, 0.0, 2.3674919565630985E-5, 3.294161601426147E-5, 0.0, 0.0, 2.3711967942689543E-4, 2.495678494377029E-4, 0.0, 3.521951648324837E-4, 3.2062601598736904E-5, 0.0, 0.0, 0.0012528302148378649, 2.3042655347917286E-4, 0.0032187422155235236, 4.633959655580403E-5, 5.0281156223816756E-5, 3.6118299798818626E-5, 0.0, 0.0, 3.3107726503656733E-4, 3.5978705146696276E-5, 1.5125921768723445E-4, 1.1888293795614006E-4, 4.210527374198773E-5, 0.0, 0.0, 2.2987992749057502E-5, 5.6658444371414494E-5, 2.886902034020363E-5, 2.92119657601883E-5, 2.135771837013423E-5, 0.0, 2.4056460578688508E-5, 1.9409519911518375E-5, 4.3524487069697534E-5, 2.7529039983611135E-4, 0.0, 4.738027063133378E-5, 6.777528043368924E-5, 3.2219434359698956E-5, 0.0, 2.8049359682425834E-5, 0.0, 6.687596653659635E-5, 0.0, 3.825161338089915E-5, 0.0, 0.0, 0.0, 3.9311511900794706E-5, 2.5733125843080947E-5, 2.908700146703684E-5, 1.1794681217556767E-4, 4.4798923074874255E-5, 4.99024105517313E-5, 5.158118752156015E-4, 0.0, 0.0, 0.0, 3.590850340960023E-5, 5.980881820094652E-4, 2.9663359609700116E-4, 0.0, 3.0890629589275825E-5, 2.9708911241622467E-5, 0.0, 3.6922756905146514E-5, 0.0, 0.0, 4.18289439417793E-5, 0.0, 2.7811806259867055E-4, 0.0, 0.0, 1.0437210648829538E-4, 0.0, 5.18108711759417E-5, 2.9250211444738623E-4, 3.614050010018643E-4, 3.248347958097424E-5, 0.0, 0.0, 2.834620382980606E-4, 0.0, 0.0, 0.0
0.0723801116111445, 0.020052886029513793, 0.0245805572934786, 0.0, 7.189153442902609E-4, 4.103435777702522E-5, 0.001080040491933168, 0.0, 0.028258518414241835, 0.0, 0.0023520653671166704, 0.03214518108068257, 0.0023420375536929864, 6.769621460185945E-4, 0.013361237057009569, 8.032178898262168E-4, 0.013640310684665223, 1.617159758801024E-4, 8.047700923729092E-4, 6.70038667738408E-4, 0.0014496208131273309, 4.4331957206984263E-4, 5.3282054907762665E-5, 1.1621297026971285E-4, 0.0, 4.454083657693071E-4, 7.56156820482486E-4, 0.0, 0.0, 0.0011408554811100625, 0.0, 2.2057883907980412E-4, 0.0, 9.104960601455211E-5, 6.488544994163476E-4, 7.744161649891269E-5, 0.0, 0.0017584234289770443, 7.189975281937239E-5, 7.141475629113942E-5, 5.1628684647332155E-5, 5.40236559837574E-5, 0.0022024124676173445, 4.7400328067020395E-4, 7.847747036095162E-4, 9.006441447411453E-4, 0.0, 0.0025200472320138167, 0.0, 9.297234094406858E-5, 0.0, 0.0, 6.392232092306291E-4, 0.0, 0.0, 0.0, 1.5140385327322203E-4, 0.003020281141980387, 0.0015924772205426773, 0.0017929074012908628, 5.210981758314139E-4, 0.0022743738499001374, 2.082363552751018E-4, 0.0, 0.0016925248544529734, 0.0010105822948517876, 8.348220902808882E-4, 0.0, 0.0, 0.0, 4.818864406341038E-4, 5.281457388516336E-4, 6.431663599368835E-5, 0.0, 8.59189629458677E-5, 9.029809789155599E-4, 7.049641477867077E-4, 1.2196630241254411E-4, 3.891645267071094E-4, 0.0, 0.0, 0.0, 1.0591227622842078E-4, 0.004382680151169171, 0.0, 0.0, 0.0, 4.537322603036849E-4, 5.286090535207596E-4, 5.501930808743494E-4, 0.0, 7.419629294079016E-4, 4.44934860339373E-4, 0.0, 1.3151791490803184E-4, 5.9869514959147555E-5, 3.032614920721558E-4, 0.0, 2.5990659546543685E-4, 7.500924537675874E-4, 0.0, 0.0028807076236973114, 9.388846458497063E-5, 0.0016205309322934415, 5.818209968758305E-4, 0.0, 6.86838198604576E-5, 6.718193529484983E-5, 2.8244170917158477E-4, 2.2198647263336636E-4, 7.862188938074957E-5, 0.0, 0.0, 4.292477550619884E-5, 1.0579657961972932E-4, 5.390623838777465E-5, 5.4546609877552705E-5, 3.9880614039267015E-5, 0.0, 4.4919892793000094E-5, 3.624280266571693E-5, 0.00694152706705079, 1.0279987630683234E-4, 0.0, 8.847172967532509E-5, 0.004971721456801019, 6.016236397514481E-5, 0.0, 5.237571112032466E-5, 0.0, 1.2487544613746927E-4, 0.0, 7.142606729734271E-5, 0.0, 0.0, 0.0, 6.308257946226035E-4, 4.805067854096574E-5, 5.431326787643183E-5, 2.2023847360555724E-4, 8.365165836357286E-5, 9.31812443798103E-5, 0.001839918805108838, 0.0, 0.0, 0.00116775305662358, 5.927831523734701E-4, 0.009873332616644288, 6.238398856977711E-4, 0.0, 5.768112748422423E-5, 0.001518238898461363, 8.950354343421324E-4, 6.894473425864237E-5, 0.0, 0.0, 0.0014140687955447866, 0.004926141247064354, 5.769713879132331E-5, 0.0, 0.001346841683588527, 1.94890841015375E-4, 0.0010048913803384892, 0.003800636725848827, 0.02359802145962955, 7.49754773488868E-5, 5.212574085292544E-4, 0.0, 0.0, 5.88057762697531E-5, 0.0, 0.0, 0.0
0.0022216055980544677, 0.005340915509228473, 0.0022251732081025816, 2.585723446985748E-4, 0.014420878006343282, 4.491334108567767E-5, 5.104901231189706E-4, 0.0, 5.033226857663117E-4, 0.0023520653671166704, 0.0, 0.1559596876283426, 0.132542539464726, 0.0019998236862939027, 6.226045660955159E-4, 0.0, 0.005607620697931593, 0.015857489002173097, 4.2914182219965966E-4, 0.013440450205618544, 0.0, 2.363991539669073E-4, 2.9161787688900844E-4, 1.2719859783514613E-4, 0.0, 0.010669272764787654, 8.276364254835785E-4, 0.0036010184830201643, 0.0, 0.0055426832963404015, 0.0, 0.016673772229673544, 0.0019699889715748754, 9.965653740382737E-5, 0.0426810366979902, 8.476218282595621E-5, 0.0, 0.0020868317986161007, 7.869644603431372E-5, 7.816560271963918E-5, 2.8256882039348044E-4, 5.913051938276754E-5, 0.00731910893733289, 0.08211629322036693, 6.059569266098699E-4, 8.33951951598859E-4, 0.0, 0.0026412187905044456, 0.002470042380782226, 1.0176102872244305E-4, 0.015791362791447307, 9.172790201339958E-4, 8.067912282194889E-4, 0.0, 0.0, 0.0, 4.971820587030053E-4, 0.002340664773184123, 0.0014745551766508045, 0.008995783758384727, 0.005032501130900014, 0.016067657527824165, 0.0012836172722584217, 0.0, 0.0012731600884071284, 0.0024686422036464184, 0.001723838294614451, 0.00821413628304412, 6.228223856930801E-4, 0.0, 6.176084403204195E-4, 0.0019320797149867553, 3.5201121408682824E-4, 0.0, 9.404089396218176E-5, 6.972288686857332E-4, 5.144030017441616E-4, 1.3349579323209345E-4, 3.004899870808797E-4, 0.0, 0.0, 0.0, 3.477961914360398E-4, 4.455826289573187E-4, 0.0, 0.0, 0.0, 4.838638934976085E-5, 0.011864015907614486, 4.014686040832019E-4, 0.0, 0.00424998862547348, 0.03142622816320861, 0.0, 0.005453134209881379, 6.552898818608512E-5, 6.262097989524978E-4, 0.001584560862172197, 0.004057792188271878, 0.0013264129160142077, 7.523511726667389E-4, 0.0017962141712463704, 0.0020067099720936133, 0.002083844301179999, 0.0075118839684281515, 4.521873230291387E-4, 3.759132368112866E-4, 7.353265259053024E-5, 3.091409615760481E-4, 0.006444423042088653, 8.605402706058913E-5, 0.0024404570323444566, 0.0, 4.698246025469571E-5, 1.1579754438899446E-4, 5.9002002285790184E-5, 5.970290817782899E-5, 4.365053379864827E-5, 0.0, 4.916617624447554E-5, 3.9668839631203764E-5, 7.864297446341302E-4, 0.0017441886959120923, 0.0021057221931136557, 9.6834974070741E-5, 0.005441698948613941, 6.584952025858789E-5, 0.0, 5.732679407179934E-5, 0.0, 1.366799387009907E-4, 0.0, 7.817798295676612E-5, 0.0, 0.0, 0.0, 4.8708662241226026E-4, 5.259291558638595E-5, 0.004611361798213441, 2.4105764586313712E-4, 9.155926077559531E-5, 1.0198967982780264E-4, 0.001459031233775524, 0.0, 0.0018378149283208543, 0.0, 6.488190227580307E-4, 0.010806660064556243, 0.013257446224905201, 0.0, 6.313373215154602E-5, 5.368006162529501E-4, 0.0, 7.546208917527E-5, 0.0, 0.0, 0.01239302027418411, 0.011981800079060282, 3.15782061071463E-4, 0.0, 9.827725382734165E-4, 2.1331389818653277E-4, 7.33255930951755E-4, 0.008636801116599478, 0.043629961488126257, 4.103480911363446E-4, 0.0026617908366122984, 0.0, 0.0, 3.2184974198690337E-4, 0.0017819919535810597, 0.0, 0.0
0.0022078383975189715, 0.012838089566937225, 0.004998516185880266, 0.0023971586947867324, 0.0031502119254829776, 0.001665690774237469, 0.0, 0.0, 0.03359716067693146, 0.03214518108068257, 0.1559596876283426, 0.0, 0.1472956416104241, 0.0021793793098632123, 0.02311962092844348, 0.0, 0.0237642898895644, 0.0016411174907013711, 0.0, 0.0029360394355305935, 0.0, 0.001753313107370029, 0.0, 0.0, 0.0, 0.03287860422110815, 0.0, 0.0, 0.0, 2.0433487678286766E-4, 0.0, 0.017907731820428503, 0.0, 0.0, 0.0022212320492594143, 0.0, 0.0, 3.045205446967341E-4, 0.0, 0.0021298112601840116, 0.0, 0.0, 3.814097521868651E-4, 0.001811480401419204, 2.7571865976326317E-4, 1.6546238942182702E-4, 0.0, 6.080106731322045E-4, 0.0026918169316907073, 0.002772725819032337, 0.0, 0.0, 2.011722237993476E-4, 0.0, 0.0, 0.0, 0.0, 3.4156107461807554E-4, 0.003182368151111798, 0.004705345429564728, 1.8307992087982547E-4, 0.018763448822292233, 0.0031051295087848436, 0.0, 0.006867841708591928, 0.00410068969816744, 3.3192618613188407E-4, 0.0, 0.0, 0.0, 1.69303473925218E-4, 0.0018080081788325272, 0.0, 0.0, 0.0, 3.1724863728813314E-4, 2.8029452461640587E-4, 0.0, 1.367270392860147E-4, 0.0029216921904597565, 0.0, 0.0, 0.0, 0.0, 0.0, 0.0, 0.0, 0.0, 0.010173260611374935, 2.1875737728661168E-4, 0.0, 1.2152161855500312E-4, 1.563210980304068E-4, 0.0, 0.003922275320034979, 0.0, 1.2057710455446453E-4, 0.00466068381690056, 0.0, 1.298996355656482E-4, 0.0, 5.22508191998657E-4, 0.0, 0.0031449261311873797, 0.0, 0.0, 0.0, 0.0, 0.0, 0.0, 0.0, 0.0, 0.0, 0.0, 0.0, 0.0, 0.0, 0.0, 0.0, 0.0, 0.0, 0.0, 0.0015329068211843773, 0.0, 0.0, 0.0, 0.0, 0.0, 0.0, 0.0, 0.0, 0.0, 0.0, 0.0, 0.0, 0.0, 2.2163105135455932E-4, 0.0, 0.0, 0.0, 0.0, 0.0, 0.0, 0.0, 0.0, 0.0, 0.0, 0.0, 0.0, 0.0, 0.0, 0.0, 0.0, 0.0, 0.0, 0.0, 0.0, 0.0, 0.0, 0.0, 5.355057425547621E-4, 0.0, 3.99545923898985E-4, 0.0014426169828433144, 0.0, 0.0, 1.8313586486710888E-4, 0.0, 0.0, 0.0, 0.0, 0.003244776640733235, 0.0
0.004495156333612378, 0.0030799217092336312, 0.006388100280663903, 0.009094192207695445, 0.050888794044237975, 0.001557861395171366, 0.02000057112913442, 0.0, 0.0045654185061012745, 0.0023420375536929864, 0.132542539464726, 0.1472956416104241, 0.0, 0.006095208561277786, 0.01218075502426236, 8.960590820332844E-4, 0.0073315893796644955, 0.001895732032434491, 0.0011602435370375635, 0.047429033244349085, 0.0016171774951230953, 0.0022789488547646525, 0.0011368284963408177, 0.005250647919523064, 0.0, 0.0029569785854398276, 0.0014431748916782176, 0.004367953666689839, 0.002888896349725738, 0.002223540094452246, 0.0, 0.0, 0.00238955189824857, 0.0, 0.0022684235208527423, 0.0, 0.0, 0.0010197261853572915, 0.0, 0.0, 2.3040857533601319E-4, 0.0, 0.0012771995795650267, 0.0020961200519771742, 5.157397310676829E-4, 3.095021871044196E-4, 0.0, 0.0015866517232184293, 0.002517560729523347, 0.0, 0.0, 0.0, 6.736510489925974E-4, 0.0, 0.0, 0.0, 3.3784267768352375E-4, 0.0023128633862637814, 5.472474179172989E-4, 0.0028072277897865693, 3.4245628946378117E-4, 0.0010691462395849163, 0.0, 0.0, 0.0011810100099130952, 0.002446487776573722, 6.208775355174153E-4, 0.0, 0.0, 0.0, 5.669344438006048E-4, 0.001846420449464192, 0.0024574933178016633, 0.0, 0.0, 5.934227557070519E-4, 0.0020907232473254974, 0.0, 2.5575188321166084E-4, 0.0, 0.0, 0.0, 0.006144651155845289, 0.005792789396171203, 0.0, 0.0, 0.0, 4.5686037077893697E-4, 3.473923023369903E-4, 4.091920040077794E-4, 0.0, 4.069307594695964E-4, 5.234612894317455E-4, 0.002465119397363915, 2.934691791212279E-4, 0.0, 2.2554296299435718E-4, 0.0, 0.0011599115644856791, 4.349856262951884E-4, 0.0033524819989518566, 0.0018715925501324791, 0.12832046130831287, 0.0033222303108657713, 6.490716839997736E-4, 0.0, 3.0652225968536576E-4, 0.0, 0.0, 0.0, 0.0, 0.0, 0.0, 0.0, 0.0017851317888437526, 9.095732594464771E-4, 0.0, 0.0, 5.326938235733932E-4, 7.579444332176133E-4, 0.0, 0.0, 0.00166306100713382, 0.0019077615984476003, 0.0, 0.0, 5.075672049609025E-4, 0.0, 0.0, 0.0, 0.0, 0.0, 0.0, 0.0, 0.0, 0.0, 4.145672945022712E-4, 0.0, 0.0, 0.0, 0.0, 0.0, 0.0014250967881552614, 0.0, 0.0, 0.0034297171640572935, 0.0, 0.0, 8.195460503504035E-4, 0.0, 0.0, 0.0011465993933081754, 9.984895005978936E-4, 0.0, 0.0, 0.0, 8.07182756653363E-4, 0.002171076331518139, 2.57490882068404E-4, 0.0, 0.0010016789864259717, 0.0, 7.473622116028693E-4, 0.0013492284044251978, 0.0, 3.34600678655624E-4, 3.4256093431074645E-4, 0.0, 0.0, 0.0012546828820439932, 0.0, 0.0, 0.0
0.0017450462196291249, 0.012737528477932365, 8.451601378098486E-4, 0.0, 6.11881191466213E-4, 0.0, 0.004938071510282255, 0.0, 0.0031699886050097423, 6.769621460185945E-4, 0.0019998236862939027, 0.0021793793098632123, 0.006095208561277786, 0.0, 0.0026583922246981246, 6.836325352313125E-4, 0.02999475640802238, 0.0, 6.182181269002489E-4, 5.702814129651972E-4, 0.0012337971603405486, 3.4055464791830513E-4, 0.0, 0.004005889590098742, 0.0, 0.0012481757687700895, 0.0, 0.003332453516520647, 0.0022040327196975284, 0.004944101897753879, 0.0, 0.0, 0.0018230666426142929, 0.0, 0.0014392379304022124, 0.0, 0.0, 0.0, 0.0, 0.0, 0.0, 0.0, 0.008232612698608267, 0.0011737410797633683, 0.0, 0.0035714550047184403, 0.0, 0.0, 0.0019207287316562326, 0.0, 0.0, 0.0, 0.0, 0.0, 0.0, 0.0, 0.0, 8.919460048677078E-4, 0.006314881157465242, 0.0015244043548111401, 0.0, 0.006168627956824744, 0.0, 0.0, 0.0, 0.0013285122903705477, 0.0, 0.0, 0.0, 0.0, 0.0, 0.0011714912677947308, 0.0, 0.0, 0.0, 0.0, 0.0, 0.0, 0.0, 0.0, 0.0, 0.0, 0.0, 0.0, 0.0, 0.0, 0.0, 3.485535940483004E-4, 0.0, 0.0, 0.0, 0.0, 0.0, 0.0, 0.0, 0.0, 0.0, 0.0, 0.0, 0.0, 0.0025577172467916172, 6.822339092429882E-4, 0.0, 0.0, 4.95197838821905E-4, 0.0, 0.004476145659584701, 0.0, 0.0, 0.0, 0.0, 0.0, 0.0, 0.0, 0.0, 0.0, 0.0, 0.0, 0.0, 0.0, 0.0, 0.0, 0.001093795844634712, 0.0, 0.0, 0.0, 0.0, 0.0, 0.0, 0.0, 0.0, 0.0, 0.0, 0.0, 0.0, 0.0, 0.0, 0.0, 0.0, 0.0, 0.0, 0.0, 7.593411545944969E-4, 0.0, 0.0, 9.938946738305525E-4, 0.0, 0.0, 4.366826515144985E-4, 0.0, 0.0, 8.747778643828714E-4, 7.617800236415993E-4, 0.0, 0.0, 0.0, 6.158259041064445E-4, 0.0, 0.0, 0.0, 0.0, 0.0, 0.0, 0.0010293701087547647, 0.0, 0.0, 0.0, 0.0, 0.0, 0.0, 0.0, 0.0, 0.0
0.011368647534702112, 0.004406739776364407, 0.016482622094121407, 0.005430314266941149, 0.017901151156828055, 0.009840774113171054, 0.014737351199712144, 0.0013153801605456812, 0.0029916033351534066, 0.013361237057009569, 6.226045660955159E-4, 0.02311962092844348, 0.01218075502426236, 0.0026583922246981246, 0.0, 0.16789066950844428, 0.09541091134548677, 8.022020721929423E-4, 0.0018575009445690263, 4.8980876609444E-4, 0.0010596955309748253, 4.188105842653996E-4, 7.449349750971504E-4, 0.00760376323286907, 0.002409996605769794, 0.01482347841490043, 0.020095615502591525, 0.007864715982903774, 0.0018930207478683894, 0.016484351708172675, 0.0, 0.0, 0.0015658129520369536, 0.0, 1.2514705984851694E-4, 0.0, 8.397760052868805E-4, 4.815738030951637E-4, 0.0, 0.0, 1.509809147840414E-4, 0.0, 0.005128547056227569, 2.6335936518721804E-4, 1.6897560404060088E-4, 1.014044795610153E-4, 0.0, 6.670702844247698E-4, 0.0032334000501953947, 0.0, 0.0, 0.0, 3.1813706687226437E-4, 0.0, 0.0, 0.0, 2.213797661626176E-4, 0.0013062334408897038, 1.7929869938622059E-4, 2.651051907332311E-4, 1.1220147466600971E-4, 0.0018573273607707642, 0.0014569802787300686, 0.0, 3.869430020253217E-4, 2.3103811204590763E-4, 2.034226767484133E-4, 0.0, 0.0, 0.0, 2.677393011252699E-4, 1.018654975009939E-4, 0.0016103332467390626, 0.0, 0.0, 1.9442746516629646E-4, 0.0011982181449131024, 0.0, 8.379387188329725E-5, 0.0, 0.0, 0.0, 0.004026434568181345, 0.0037958684519869158, 0.0, 0.0, 0.0, 2.993690517299032E-4, 1.1381869689373303E-4, 1.340665880106966E-4, 0.0, 1.921762883489296E-4, 2.472087581397337E-4, 0.001615330423892064, 1.9230293429846682E-4, 8.377855295956814E-4, 7.389630100861258E-5, 0.002488175693623148, 7.600607261220465E-4, 0.0015754192548158743, 0.0021967967045524684, 9.061854420865518E-4, 0.0, 2.495893228394722E-4, 4.253202662608838E-4, 7.100525659729143E-4, 2.0085628801565935E-4, 0.0, 0.0, 0.0, 0.0, 0.0, 0.0, 0.0, 0.0011697517338347756, 5.960203632788434E-4, 0.0, 0.0, 3.4906079630773557E-4, 4.96661826565188E-4, 0.0, 0.0, 8.695782757681668E-4, 0.0032752828238575287, 0.03521511322938706, 8.854732052353332E-4, 3.3259595832151414E-4, 0.0, 0.0, 0.0, 0.0, 0.0, 0.0, 0.0, 0.0, 0.0, 1.3582773399865473E-4, 0.0, 0.0, 0.0, 0.0, 0.0014835871678929734, 9.338298994197652E-4, 0.0, 6.904357429704314E-4, 0.002247406955772978, 0.0, 0.0, 5.370278090088597E-4, 0.0, 0.0020663354256879266, 7.51337596875619E-4, 6.54284928339504E-4, 0.0, 0.0, 0.0, 0.0017724913209416194, 0.00142265143613062, 0.0022356362712702502, 0.0, 3.2818745888687936E-4, 0.0, 2.4486378212761956E-4, 6.769007501353215E-4, 0.0, 0.0012684265518636052, 9.610186969473578E-4, 0.0, 8.8501623573597E-4, 8.221619747382332E-4, 0.019042531637038625, 0.04330681229346769, 0.0
9.786363148290233E-4, 0.0, 0.0010027853794327443, 0.0, 7.259991157915398E-4, 0.0, 0.0033444758785871804, 0.0, 0.0, 8.032178898262168E-4, 0.0, 0.0, 8.960590820332844E-4, 6.836325352313125E-4, 0.16789066950844428, 0.0, 0.03798688654832605, 0.031015015763211966, 0.0022492639075360516, 6.766408370438443E-4, 0.1950652785058106, 4.040692485986325E-4, 0.0, 0.0, 0.0, 0.0, 0.02645446953040172, 0.0, 0.0, 6.331136567188937E-4, 0.11262658600721469, 0.060644312042184206, 0.0, 0.0, 0.0, 0.0, 0.0, 0.0, 0.0, 0.0, 0.0, 0.0, 0.0, 0.0, 0.0, 0.0, 0.0, 0.0, 0.017866977219758294, 0.0, 0.0, 0.0, 0.0, 0.0, 0.0, 0.0, 0.0, 0.0010582969699004208, 0.0, 0.0, 0.0, 0.0, 0.0020127290967393687, 0.0, 0.0, 0.0, 0.0, 0.0, 0.0, 0.0, 0.0, 0.0, 0.0, 0.0, 0.0, 0.0, 0.0, 0.0, 0.0, 0.0, 0.0, 0.0, 0.0, 0.0, 0.0, 0.0, 0.0, 4.135600254007846E-4, 0.0, 0.0, 0.0, 0.0, 0.0, 0.0, 0.013017082062239088, 0.001157349441760587, 0.00790532438949026, 0.0, 0.0, 0.053228324368535376, 0.0, 8.094728548307808E-4, 0.0, 0.0, 5.875539208275144E-4, 0.0, 0.0, 0.0, 0.0, 0.0, 0.0, 0.0, 0.0, 0.0, 0.0, 0.0, 0.0, 0.0, 0.0, 0.0, 0.0, 0.0, 9.93622376412717E-4, 0.0, 0.0, 0.0012232270474612328, 0.0, 0.0, 0.0, 0.0, 0.0, 0.0, 0.0, 0.0, 0.0, 0.0, 0.0, 0.0, 0.0, 0.0, 0.0, 0.0, 9.009608638218332E-4, 0.0, 9.537947284480097E-4, 0.0011792594125370265, 0.0, 0.0, 5.181254519710743E-4, 0.0, 0.0, 0.0010379269127952016, 9.038545902452338E-4, 0.0, 0.0, 0.0, 7.306795307622915E-4, 0.0, 0.0, 0.0, 0.0, 0.0, 0.0, 9.350969641054962E-4, 0.0, 0.0014493657901634548, 0.001172541686728347, 0.0, 0.0012225957720616149, 0.0, 0.0, 0.0, 0.0
