0.0, 0.0, 0.0, 0.0, 0.0, 0.0, 0.07675545930811423, 0.0021599952544092554, 0.0, 2.5463027360828923E-4, 0.0, 3.776107283066506E-4, 3.372478161684092E-4, 0.002217134268437752, 0.0, 0.0, 0.0, 0.008445619102641936, 0.002161542331829507, 0.003492352709575496, 2.4701752650401637E-4, 0.004506264868789678, 0.0018353030019337873, 0.0, 0.025060296505000693, 0.0013162978532473186, 2.479615518625065E-4, 0.0, 0.0, 0.0, 2.428161976211609E-4, 0.006330774000344275, 0.010335884286125224, 0.003314505365445775, 0.00775759545743061, 0.006446115913636569, 0.014745129323094502, 0.0022301164984472495, 0.003539794754627995, 0.005330563597172575, 3.298357811210908E-4, 0.0028267907162170254, 0.01006949137330741, 0.0, 0.0012223495503293326, 2.2782556725840027E-4, 0.0, 0.0, 0.0018695733553538074, 0.0, 0.03354275702251561, 0.0019550800722049344, 0.0, 6.779505069024002E-4, 3.060187622306696E-4, 1.6985410365543928E-4, 2.1807330050977364E-4, 0.0, 2.6714066297588537E-4, 0.005175234733617803, 5.114034937690499E-4, 0.0, 0.0, 0.0, 2.930671295986893E-4, 0.0, 0.0, 0.0, 0.0, 0.032894527206296806, 0.0, 0.002341391808970403, 0.0, 0.002454227663949654, 4.81909135984099E-4, 0.0, 0.0, 0.0010156754364895554, 7.319145266730399E-4, 0.0, 0.0, 9.212103694054624E-4, 1.6057361139074338E-4, 0.0, 0.0, 6.537192436230789E-4, 0.0, 0.0, 0.011274016863654047, 0.0, 0.0, 2.387345607496518E-4, 0.0, 0.0013942042844797523, 2.208843071151849E-4, 0.0, 0.0, 0.001516797062081739, 5.109524920017114E-4, 0.004394198880407493, 0.0012911770014269247, 0.0, 0.014574520395931892, 0.0, 3.4782264431533163E-4, 0.0, 0.0, 0.003314505365445775, 0.012903938967348514, 0.006276509098604788, 4.7104414620246056E-4, 0.0, 0.0010139462998750676, 0.0, 0.0023552115812849597, 0.007453601695771582, 0.15002975713787128, 3.08217905232814E-4, 0.0, 5.938060267578038E-4, 0.0, 0.0, 9.434485362764504E-4, 0.0, 0.0, 0.0, 2.3661737982467662E-4, 0.0, 0.0, 0.002521928252936719, 3.032776962519618E-4, 0.0, 0.0, 0.0, 0.0, 0.0, 0.0, 0.0018473839322928505, 7.08010273478537E-4, 0.0012912472932598358, 4.939661719101224E-4, 0.0, 2.759638635415622E-4, 0.02017170048295951, 0.0018749419068430082, 0.0, 0.0, 7.345313743980992E-4, 0.012214345164241398, 0.002516611518116336, 6.636293108026905E-4, 0.0, 1.9778357121003664E-4, 0.0, 0.0, 0.0, 0.0, 0.0, 0.0, 0.0
0.0, 0.0, 0.0, 0.0, 3.1321965453843967E-4, 2.0722930065791202E-4, 0.0, 0.0, 0.0, 0.0, 0.0, 0.0, 0.0061814940740716195, 0.0, 0.0, 0.0, 0.0, 0.0, 0.0030150327543636045, 0.0, 0.0, 0.0, 0.0, 2.2057020478642776E-4, 8.058639438213506E-4, 0.0, 0.0, 0.001535041318669498, 0.008819808852130682, 0.0, 0.0, 0.014319320451306843, 0.0, 0.0, 0.04241988789780475, 0.0, 0.0, 3.1085594187279473E-4, 0.0, 4.982882759144499E-4, 0.027301537280678603, 0.0, 0.0, 0.0, 2.0144885653868662E-4, 0.0, 1.5121952586029012E-4, 1.584274208591488E-4, 3.023508802682705E-4, 0.0, 0.0, 0.0, 0.0, 0.0, 0.0, 1.7145554156113433E-4, 0.0, 0.0, 0.0, 0.0, 0.0, 0.0, 3.4908833585414696E-4, 0.0, 0.0, 0.0, 0.0, 0.0, 0.0, 2.6235786392973256E-4, 0.0, 0.0, 0.0, 0.0, 0.0, 0.0, 0.0014326110602820255, 0.0, 0.0, 0.0, 0.0021284059379740074, 0.0, 0.0, 3.188354578291988E-4, 0.0, 0.0017239511489493414, 0.0, 0.0, 0.027089787204785325, 0.0, 0.001922614939175208, 2.4098542526664637E-4, 0.0, 0.0, 0.001474311573878414, 2.4157096980499028E-4, 0.0, 0.0, 0.0, 0.009939059883026445, 0.0, 0.0031879860625439196, 0.0, 0.0, 3.5110202559066186E-4, 4.439583815139744E-4, 0.16012367232672645, 0.0, 0.017859340716492207, 0.0, 1.8786521183479035E-4, 0.0, 0.0, 0.0030129625692841143, 0.001186420009529527, 0.0, 0.0, 0.00141234951227082, 0.0, 0.0, 0.0, 0.0, 0.0, 0.0, 0.0, 0.0, 0.0, 0.0, 0.0, 0.0, 2.1017248640187234E-4, 0.0, 0.0, 2.4338401451260924E-4, 0.0, 0.0, 0.0, 0.0, 0.0, 0.001190117871407188, 1.7116012788245645E-4, 0.0, 0.0, 1.6216534091622817E-4, 0.0, 0.0, 0.0, 0.0, 3.0754750009945303E-4, 0.0, 0.0, 0.0, 1.996483369192126E-4, 2.1072294741610563E-4, 0.001097480357688967, 0.001112327352508189, 1.634542140419536E-4, 0.0, 0.0, 0.0
0.0, 0.0, 0.0, 0.0075691242394322535, 0.009413732827013145, 0.0, 0.00320319899162106, 0.0, 0.0, 0.005026934233853241, 0.0, 0.0, 0.0, 0.0, 0.0, 0.0, 0.0, 0.0034283390112669165, 0.0055896529394111995, 0.026237323584589214, 0.0, 0.004701445087358938, 0.0034648635661343285, 0.0, 0.03727504672025744, 0.0, 0.0, 0.0, 0.0, 0.0, 0.0, 0.0, 0.010134248119552892, 0.0, 0.0, 0.0, 0.11876444751632849, 6.226578820436153E-4, 0.0014369125935803717, 0.0, 0.0, 0.0, 0.012364474229763162, 0.0, 0.00282549033284096, 0.0, 0.0, 0.0011462988465096192, 6.05621876190169E-4, 0.0021409981781245844, 0.0, 6.333205691234779E-4, 0.003396697732283182, 9.410738298553176E-4, 4.2478948779878906E-4, 0.004809617522946452, 0.0, 0.0, 0.0, 0.0, 0.0, 0.0, 0.0, 0.013356517109811044, 0.013930858719170063, 0.0, 0.0032781594487273774, 0.0, 0.0, 0.00747397883126529, 0.0, 0.0019812853515874434, 0.0031525600955908607, 0.0, 0.0, 0.009790178262091283, 0.0, 0.001265599785603369, 4.191113916333118E-4, 4.466638936426469E-4, 0.0, 0.012845246235307353, 0.0023768930948811127, 0.005204661231711186, 0.0, 0.00742734850292137, 0.0016844065551680078, 0.01444351559317883, 0.0, 0.07217035209796363, 0.0, 0.0, 0.0, 0.0, 0.014291593008570996, 0.027527229983154475, 0.0, 0.0, 0.0, 0.0, 0.001301779530917668, 0.032694649956417174, 0.004867723574070007, 0.0010686319518779595, 7.032725265549684E-4, 0.0031618411353270337, 0.0, 0.0, 0.0, 0.0, 0.0, 3.1912950986454113E-4, 0.0, 0.0, 3.594014702743573E-4, 0.0024022564477435607, 0.0018308691220152915, 0.005991730469366266, 0.017207333881072394, 0.001030141671910026, 0.0, 0.0, 0.011064129892573323, 0.0, 0.0, 0.007556107216203275, 0.011247536676499774, 0.0, 0.0, 0.0, 0.0, 0.0, 0.0, 0.0, 0.0, 0.0, 0.0, 0.0, 0.0, 9.417708702210487E-4, 0.012209342321457628, 0.0, 0.0011605428478238687, 0.0, 0.0023363034982127233, 0.014261312893695172, 0.0036619318600979926, 0.010710045484588548, 6.160309302310084E-4, 0.04318426471714613, 0.007011312559325222, 0.0, 0.0, 0.0, 0.0, 0.0, 0.0, 0.0, 0.0, 0.0
0.0, 0.0, 0.0075691242394322535, 0.0, 0.010981727956850214, 7.307004114819149E-5, 0.06030364264510727, 0.0, 0.0, 0.0, 0.0, 0.0, 0.0, 0.0, 0.0, 2.387843357796885E-4, 5.065812078875043E-5, 0.0, 0.004508263628051954, 0.0017560316709700852, 8.792076165129185E-5, 0.0, 9.649372450890945E-5, 0.0, 0.0034148692869800544, 0.0, 0.0, 0.0, 1.13297717120943E-4, 0.023772490850521497, 5.933367305082106E-5, 0.0, 0.0, 0.0033447858915112458, 0.0, 0.0, 0.021240520430137688, 1.0960928976593399E-4, 0.0, 8.784941296702705E-5, 1.1739820046956699E-4, 0.0, 0.0022125779396019968, 0.0, 0.001959898627192267, 0.0, 0.0, 0.0, 1.0661036442363219E-4, 0.0, 0.0, 1.1148629091138526E-4, 0.0, 0.0, 0.0, 0.04426492752534853, 0.0, 0.037407621400954265, 0.0, 0.0, 0.0, 1.1079864435093573E-4, 0.0, 0.0, 0.0, 0.0, 9.129416171924232E-5, 9.867836539009216E-5, 0.0, 0.0, 0.05862635630721819, 0.0, 0.0, 0.0, 0.0, 0.004540450211293903, 7.6395461732594E-5, 0.00102495440367703, 0.0, 7.862827012736315E-5, 9.85893266900506E-5, 0.0, 5.715284423084514E-5, 0.0030399153566804554, 0.0, 9.19314723163549E-5, 0.0, 0.007924651642192566, 0.02188261029530576, 0.0, 0.0, 8.497261190596009E-5, 0.043311329107228125, 0.0, 7.861918461105293E-5, 8.517907770676647E-5, 0.0, 0.0, 0.0, 1.276754194965583E-4, 0.0, 0.03151973908965598, 1.3556227210004534E-4, 0.0, 0.0, 0.0, 0.0, 0.0033447858915112458, 0.0, 0.0, 6.624217094542288E-5, 0.0, 0.0, 0.0, 0.0, 0.0, 1.2337901088751104E-4, 0.004156158025007131, 0.0, 0.0, 7.52799353445152E-5, 0.0, 0.0012380039791843457, 0.0, 0.0, 9.352517403654605E-5, 0.0, 0.0, 0.0, 0.0, 0.023230002724365817, 0.0, 0.0, 0.009564581426542514, 1.7787218675162882E-4, 0.0, 0.0, 0.0, 0.0, 0.0, 0.0, 7.663441017849706E-5, 6.743351478867527E-5, 5.718027371582929E-5, 0.0, 1.2258220515911356E-4, 0.0014010704084912254, 0.0, 0.0, 0.0, 8.108100888628085E-5, 0.09010005592226497, 0.06873871769236636, 0.01378765423300904, 0.0, 7.128465405652317E-4, 5.7634736535674557E-5, 0.0, 0.0018278079840283721, 0.0
0.0, 3.1321965453843967E-4, 0.009413732827013145, 0.010981727956850214, 0.0, 0.004719100012728206, 0.00486381897395673, 0.0, 0.0, 2.978287471337348E-4, 5.494032000678301E-4, 4.416730521557501E-4, 0.0, 4.061357915465146E-4, 0.0, 6.162964528740669E-4, 1.3074735429956371E-4, 0.0011058615093062828, 9.628565940203056E-4, 0.00428944259403467, 2.269213068887016E-4, 0.014721779677347696, 2.490479115611521E-4, 0.0025000595156034855, 0.006073778657724206, 8.745840176315552E-4, 0.0, 0.0, 0.005478336118048148, 3.7874203539157585E-4, 1.531387396824424E-4, 0.003931818304958581, 3.9936676306421263E-4, 0.0, 3.7135370517971794E-4, 0.0, 0.006386012819281791, 0.001476199554581204, 0.0, 6.998060422927251E-4, 0.0018834744374273218, 6.650380086228256E-4, 2.7883832167815726E-4, 0.0014705261718916066, 0.008834723061595813, 0.0, 1.4356599559894192E-4, 0.003828573070948418, 0.001435810530402853, 3.187236816384545E-4, 0.0, 6.676545008144324E-4, 2.8864338247896836E-4, 5.64523648014701E-4, 2.5481923275598537E-4, 0.006089121171659798, 0.0, 0.0, 0.0, 0.0, 0.0, 2.8596855515572483E-4, 3.314202594126708E-4, 0.0, 0.0, 0.0, 2.3562796886137465E-4, 2.546864155337025E-4, 0.0, 2.490793945028147E-4, 0.16945957240152065, 6.39092925779018E-4, 0.001016904936773022, 0.0, 0.006420506528132648, 0.008197409732617107, 0.004362492304619696, 0.001593377712122672, 2.514131030141708E-4, 4.7087868842559104E-4, 5.1990825636532E-4, 2.335000279645937E-4, 6.158409661198355E-4, 3.0269854157447484E-4, 0.0, 2.372728517181041E-4, 0.08538116469895207, 0.012577200124110354, 0.006734042903560158, 5.793765297388345E-4, 0.0, 4.4810086424185993E-4, 0.02338351365497606, 0.020788726470403973, 2.0291416706809306E-4, 4.491896562855848E-4, 0.0, 6.480574984155328E-4, 0.012699775209767034, 0.015520122097775334, 0.0, 0.005927907499950586, 3.498828646611487E-4, 0.0017007241183962755, 7.55205385414135E-4, 0.005900842325587549, 0.0013788615415494248, 0.0, 6.177075839070556E-4, 0.0, 3.493263698043275E-4, 1.914367920799283E-4, 0.0, 0.0, 2.1559480527932656E-4, 0.0028494112546161047, 9.090121132220487E-4, 0.007549047844302172, 4.211492742374129E-4, 0.0, 1.9429564746750968E-4, 0.0, 2.454533825561694E-4, 0.0, 0.0, 0.009306777361931423, 0.0, 0.0, 0.0, 6.883711216547049E-4, 7.455349697362341E-4, 0.0, 0.0, 0.04808617492980098, 4.590837058136169E-4, 0.0, 0.026769123595632126, 0.0, 0.0, 3.0378213838848855E-4, 0.0014956908096793351, 1.9779151344617417E-4, 1.7404423047010694E-4, 7.539861624026818E-4, 0.0, 9.031415356109314E-4, 0.020266168759520305, 3.5200097477117116E-4, 0.0016996793037278152, 0.0012060066300410978, 4.8556732913940807E-4, 1.718743617093907E-4, 1.8954372523268513E-4, 0.04144144978541952, 2.801360587114901E-4, 0.0, 5.798134408802531E-4, 0.0, 0.00903439517543604, 8.073738335765467E-4
0.0, 2.0722930065791202E-4, 0.0, 7.307004114819149E-5, 0.004719100012728206, 0.0, 0.016089759852155758, 0.0, 0.0, 1.9704652019776614E-4, 3.6349073016202725E-4, 2.9221537151797396E-4, 0.0, 2.687035594185642E-4, 0.0, 2.038739923828296E-4, 4.325188793515775E-5, 7.316491921164536E-4, 1.372736839456217E-4, 0.0, 7.506671923289856E-5, 0.02451812931324668, 8.238631228168549E-5, 1.3854559322567408E-4, 5.061830461825837E-4, 0.0, 0.0, 0.0, 2.985603580277911E-4, 2.505795724716191E-4, 5.06590717858862E-5, 0.10649407240672831, 0.0, 0.0, 2.456913782582347E-4, 0.0, 8.530071135333758E-5, 0.016451722832291574, 0.0, 3.879929744754472E-4, 3.093658871042977E-4, 4.3999589247016856E-4, 0.0, 0.0, 0.023472242896225858, 0.04680247534759626, 9.49847189828071E-5, 0.0021146337368285685, 6.185629388232366E-4, 0.0, 0.0, 9.518696086090196E-5, 0.0, 0.0, 0.0, 1.5931281099056685E-4, 0.0, 0.0, 0.0, 0.0, 0.0, 9.459984843927095E-5, 2.1927100546470608E-4, 0.0, 0.0, 0.0, 7.79469271724684E-5, 8.425155799353318E-5, 0.0, 1.6479345399692937E-4, 2.697481880600977E-4, 4.2283036248081724E-4, 6.727946213770874E-4, 0.0, 0.0042478722468905624, 0.01172988357761839, 0.0028210427389657256, 0.0, 0.0, 6.713279283031039E-5, 2.5980103944088517E-4, 0.0, 2.297947577821857E-4, 2.0026842559763464E-4, 0.0, 7.849106276409744E-5, 0.0, 0.0, 1.0068499645878903E-4, 0.0, 0.0, 2.2391848730825362E-4, 1.9928157376737573E-4, 0.0, 0.011411256055277862, 2.2446256273162208E-4, 0.0, 4.287614146713305E-4, 3.9540235773456186E-4, 0.004942088383391795, 0.0, 0.002962208257593869, 0.01967631445202482, 0.0, 2.2053585372192218E-4, 2.788612242252789E-4, 0.0, 0.0, 4.086816033712153E-4, 0.0, 1.74560324572928E-4, 0.0, 0.0, 0.0, 0.0, 1.765585345822844E-4, 4.960706733646666E-4, 2.385154947529921E-4, 0.0, 0.0, 6.427398562344514E-5, 0.0, 8.119722385587321E-5, 0.0, 0.0, 7.985176480220153E-5, 0.0, 0.0, 0.0, 4.554333167368343E-4, 4.299802624459962E-4, 0.0, 0.0, 2.994188993918979E-4, 1.5186721829348515E-4, 0.0, 0.0, 0.0, 0.0, 2.0098534424149852E-4, 0.00881581209536211, 6.543043581974584E-5, 5.7574714168261775E-5, 1.506805558535776E-4, 0.0, 4.928669521532254E-4, 0.0, 0.0, 8.800339336614592E-4, 0.0, 6.922694042763865E-5, 5.6856910576936565E-5, 1.2540405129411917E-4, 0.02997686396690481, 1.8534085806777318E-4, 0.0, 3.344019336445226E-4, 0.0, 0.020379739654974704, 5.341667180755799E-4
0.07675545930811423, 0.0, 0.00320319899162106, 0.06030364264510727, 0.00486381897395673, 0.016089759852155758, 0.0, 0.0, 0.0, 0.0, 0.0, 0.0, 0.0, 0.0, 0.0037345898886701418, 0.0067301696772561715, 0.0, 0.0, 0.05959926155787997, 0.0018303992827071846, 0.01259258492896775, 0.006606135275500476, 0.0033576407787059247, 0.0, 0.008008848811047742, 0.0, 0.0, 0.0, 0.09286672353608047, 0.0, 0.0, 0.0, 0.0, 0.0, 0.0, 0.0, 0.0, 0.019308456622571708, 0.005569785046427428, 0.0, 0.0, 0.0, 0.025625335557137495, 0.0, 0.0, 0.0, 0.0, 0.0024601339169001268, 0.0, 0.0, 0.0, 0.0, 0.0023873781548639766, 0.0, 0.0, 0.0, 0.0, 0.0, 0.0, 0.0, 0.0, 0.0, 0.0, 0.0, 0.03866699014313399, 0.0, 0.0031767143594711037, 0.0, 0.0, 0.005321160721202156, 0.0, 0.0, 0.0, 0.0344955065796892, 0.005185957409022674, 0.0028120558849648006, 0.003364401097240699, 0.0, 0.0020794453863023587, 0.0, 0.0, 0.0, 0.08253175983706575, 0.0, 0.0, 0.0, 0.0, 0.0, 0.0, 0.0, 0.0, 0.0, 0.0, 0.008083835824613141, 0.0, 0.0, 0.0, 0.04239925373847625, 0.0, 0.0056227334936261005, 0.0, 0.031682889627212024, 0.008537929709567346, 0.0, 0.0, 0.0, 0.0, 0.0, 0.0, 0.0, 0.0, 0.0, 0.0, 0.0, 0.0, 0.0, 0.0, 0.002122763563346333, 0.003483338397077154, 0.018745163960801198, 0.0021217754360106466, 0.0, 0.00268043553513206, 0.0, 0.004210975171813202, 0.0, 0.009688675477271114, 0.0, 0.009865375530016755, 0.0040533100430398495, 0.00426273320939436, 0.0, 0.0, 0.0, 0.0, 0.0, 0.0, 0.0, 0.002011530913769259, 0.003650508272773897, 0.010631413010225193, 0.023999461081977005, 0.02301865612228536, 0.019518677941786154, 0.0, 0.0, 0.006243794544101009, 0.0, 0.0, 0.11083241497417386, 0.0, 0.0018769272678430746, 0.0, 0.023268998581010027, 0.0, 0.0, 0.0, 0.0, 0.0, 0.0
0.0021599952544092554, 0.0, 0.0, 0.0, 0.0, 0.0, 0.0, 0.0, 0.0, 0.0, 0.0, 0.0, 0.0, 0.0, 0.0, 0.0, 0.0, 0.004581117754460014, 0.0031881225380814716, 0.0, 0.0, 0.0, 0.0, 0.0, 0.0, 0.0, 0.0, 0.0, 0.0, 0.0, 0.033465891650765946, 0.0, 0.0, 0.0, 0.0, 0.0, 0.0, 0.002173457109144698, 0.0019200743486641526, 0.0, 0.0, 0.0027549719409295024, 0.0016225407067295503, 0.0, 0.0, 0.0, 0.0, 0.0, 0.06224529119583032, 0.0, 0.0, 0.0022106764132033734, 0.0, 0.0, 0.0, 0.0, 0.0, 0.0, 0.0, 0.0, 0.0, 0.0, 0.0, 0.0, 0.0, 0.0, 0.0, 0.0, 0.0, 0.0, 0.0, 0.0026474924069585046, 0.0, 0.0, 0.0, 0.0, 0.0, 0.0, 0.0, 0.0, 0.0, 0.0013587203441582033, 0.0, 0.0, 0.0, 0.0, 0.0, 0.0, 0.0, 0.0, 0.0, 0.0, 0.0, 0.0, 0.0, 0.0, 0.0, 0.0, 0.0, 0.0, 0.0, 0.0, 0.0, 0.0, 0.0, 0.0, 0.0, 0.0, 0.0, 0.0, 0.0, 0.0, 0.0014954993031757984, 0.0, 0.0, 0.0336562191365437, 0.0, 0.0, 0.0, 0.0, 0.0, 0.0, 0.0, 0.0, 0.0, 0.0, 0.0, 0.0, 0.0, 0.0028516311857604564, 0.0, 0.0, 0.0, 0.0, 0.0, 0.0, 0.0, 0.0, 0.0, 0.0012584412568372476, 0.0, 0.0, 0.0, 0.0, 0.0, 0.0, 0.0, 0.0, 0.0, 0.0, 0.0457320121745862, 0.0, 0.0, 0.0, 0.0, 0.0, 0.0, 0.0, 0.0, 0.0
0.0, 0.0, 0.0, 0.0, 0.0, 0.0, 0.0, 0.0, 0.0, 0.0, 0.0, 0.0, 0.05941656304602109, 0.0, 0.0, 0.0, 0.0, 0.0, 0.0, 0.001170578291764132, 8.914331438267915E-4, 0.00151042471107843, 9.783548570665686E-4, 0.0, 0.00288102648692686, 0.0, 0.0, 8.299590517322111E-4, 0.0, 8.022465288695999E-4, 0.0, 0.0, 0.0, 0.0, 0.0, 0.0, 0.0018008248204776532, 0.0, 0.0, 0.0, 0.0, 0.0014086749928151222, 0.00849550466944611, 0.0, 0.0, 0.0, 0.0, 0.0, 0.0, 0.0, 0.0, 0.0, 0.0, 0.04777672335210416, 0.0, 0.0, 0.0, 0.0, 0.0, 0.006447922783857268, 0.0, 0.0, 0.0, 0.0, 0.0, 0.0, 0.0, 0.0, 0.0, 0.0, 0.0, 0.0013537184506104542, 0.01531729787528399, 0.006080450578550876, 0.0, 0.0, 0.0, 0.0, 0.0, 0.0014172730529295515, 0.0, 0.0, 0.0, 0.0, 0.0, 0.0, 0.0, 0.0, 0.0, 0.0, 0.0, 0.0, 0.0, 0.0, 0.05101593432023689, 0.0, 0.0, 0.0, 0.0, 0.0, 0.0017788886070533223, 0.011397298956681975, 0.0, 0.0, 0.0, 0.0, 0.0, 0.0, 0.0, 0.0, 0.0, 0.0, 0.0, 0.046336986704641044, 0.0, 0.0015701762264557872, 0.0012509461643873039, 0.0, 0.0, 0.0, 0.0, 0.0, 9.642341808928676E-4, 0.0, 0.0, 0.0, 0.01026199547286885, 0.0, 0.0, 0.001458098894015299, 0.0, 0.0, 0.0, 0.0, 0.0, 0.006326208891139068, 0.0, 0.008786406712119083, 0.0, 0.0, 0.00435136578931074, 0.005525335063187986, 0.00121548780380781, 0.0, 0.001596285537175299, 0.0, 9.339595820085141E-4, 0.0, 0.013213622536747172, 0.0, 0.0, 0.0, 0.0, 0.0, 0.0, 0.0, 0.0, 0.0015105045639978699, 0.0, 0.0
2.5463027360828923E-4, 0.0, 0.005026934233853241, 0.0, 2.978287471337348E-4, 1.9704652019776614E-4, 0.0, 0.0, 0.0, 0.0, 0.06574497487607046, 4.6451632249669753E-4, 1.9263432550097533E-4, 0.0018968029435544162, 0.016176186301696975, 0.004694212870562383, 0.0, 0.0011630565165484802, 0.0, 0.0, 0.0, 0.0, 0.0, 0.002388977222800614, 0.005586076275945511, 0.0, 0.0, 0.0, 0.0, 0.0017688640659887617, 0.008595303191590931, 0.0036161075653828546, 0.0, 0.0, 0.0, 0.0, 0.007856219273933986, 5.517984015513098E-4, 0.00320069204618536, 2.0535241474213E-4, 0.0, 6.994336842109741E-4, 0.002704714605585107, 0.0, 0.0010909377590145024, 0.0, 0.0, 0.0, 5.367011208939166E-4, 0.0, 0.0, 2.6060480401718166E-4, 0.04162919286914208, 3.87242058685335E-4, 1.7479644056022902E-4, 0.0, 0.0, 0.0, 0.0, 2.0904798134968773E-4, 0.0, 0.0, 0.009679222335607786, 0.022027636943831974, 0.0, 0.0, 0.0, 0.0, 0.0, 0.001818608526590827, 0.0, 6.721467252021466E-4, 5.728973004645841E-4, 0.0014018430009186261, 2.752641734430022E-4, 0.0, 0.0, 0.0, 0.0, 0.0, 0.0, 0.0, 1.5412293325869764E-4, 0.016023218564496795, 0.0, 0.0050201727376491005, 0.0, 0.0, 0.0, 0.0, 0.0, 0.0, 0.0, 0.0, 0.0, 0.0, 0.0, 0.0495509119552838, 6.285461581547391E-4, 0.0, 0.038323560834619796, 0.0, 0.0, 0.0, 0.0, 0.0, 0.0, 0.0, 0.0, 0.0, 0.0, 0.0, 0.0, 0.0, 0.001243754511671463, 2.8066395263030884E-4, 3.327137138395886E-4, 0.016830288591161962, 0.01761450486712516, 0.0, 0.0014799129944410136, 0.0, 0.0, 0.0, 0.0, 0.005107201235355698, 0.0, 0.0, 0.0, 7.239735826835353E-4, 3.7307584132998425E-4, 0.0, 0.0, 0.0, 0.0, 0.0, 0.0, 0.0, 0.0, 3.194937093754191E-4, 0.023253051363766125, 0.0, 0.014887204813082859, 0.0011240954141429821, 0.0, 3.305649837501126E-4, 0.0, 0.0, 0.02973500504926789, 0.0, 0.006400670105606277, 0.0, 0.008649496969581089, 0.0, 1.5782123381944294E-4, 0.0, 0.003058810809592669, 0.0, 0.0, 4.5485302804168374E-4
0.0, 0.0, 0.0, 0.0, 5.494032000678301E-4, 3.6349073016202725E-4, 0.0, 0.0, 0.0, 0.06574497487607046, 0.0, 4.590097309808434E-4, 0.0, 4.220775515045889E-4, 0.0, 0.0, 0.0, 0.001149269106211505, 0.0, 0.0, 0.0, 0.0, 0.0, 0.0, 0.0, 0.0, 0.0, 0.0, 0.0, 3.9360852768287015E-4, 0.0, 0.0, 0.0, 0.0, 0.0, 0.0, 0.014492328397015912, 5.452571278666464E-4, 0.0, 0.0, 0.0, 0.05667366643059988, 0.0, 0.0, 0.0, 0.0, 0.0, 0.0, 5.303388173628392E-4, 0.0, 0.0, 0.0, 0.0, 0.0, 0.0, 0.0, 0.0, 0.0, 0.0, 0.0, 0.0, 0.0, 0.01785521302603832, 0.02398088165063613, 0.0, 0.0, 0.0, 0.0, 0.0, 0.0, 0.0, 6.641787867785542E-4, 0.0010568207844762884, 0.0, 0.0, 0.0, 0.0, 0.0, 0.0, 0.0, 0.0, 0.0, 2.843098040436875E-4, 0.0, 0.0, 0.0, 0.0, 0.0, 0.0, 0.0, 0.0, 0.0, 0.0, 0.0, 0.0, 0.0, 0.0, 6.73495239421886E-4, 6.210950810360395E-4, 0.0, 0.0, 0.0, 0.0, 0.0, 0.0, 0.0, 0.0, 0.0, 0.0, 0.0, 0.0, 0.0, 0.0, 0.0, 0.0, 2.7733683221384356E-4, 6.137553236519571E-4, 3.7465836418054265E-4, 0.0, 0.0, 0.0, 0.0, 0.0, 0.0, 0.0, 0.0, 0.0, 0.0, 0.0, 7.153912647002184E-4, 3.686532276065399E-4, 0.0, 0.0, 0.0, 0.0, 0.0, 0.0, 0.0, 0.0, 3.1570628304783735E-4, 0.0, 0.0, 0.0, 0.0, 0.0, 6.097915720040677E-4, 0.0, 0.0, 0.0010789079055494861, 0.0, 0.0, 0.0, 0.0, 0.0, 2.911320405888177E-4, 0.0, 2.867070024438726E-4, 0.0, 0.0565760630869552, 8.390651056072546E-4
3.776107283066506E-4, 0.0, 0.0, 0.0, 4.416730521557501E-4, 2.9221537151797396E-4, 0.0, 0.0, 0.0, 4.6451632249669753E-4, 4.590097309808434E-4, 0.0, 0.11373720838702067, 3.3931415105780576E-4, 0.042062737857170275, 0.0, 0.0, 0.0017247855569259007, 0.0, 0.0, 0.0, 0.0, 0.0, 0.0, 0.0, 0.0, 0.0, 0.004870286212250334, 0.0, 3.1642749760969904E-4, 2.0568208795273792E-4, 0.0, 0.0, 0.0, 0.0, 0.0, 0.0, 8.183040976846856E-4, 3.356677158072194E-4, 3.045328184722994E-4, 0.0, 0.0010372437619236483, 2.836528352201864E-4, 0.0, 0.0, 0.0, 0.0, 0.0, 7.959151842860449E-4, 0.0, 0.0, 3.864708168853665E-4, 0.0, 5.74270897717701E-4, 2.592190248630731E-4, 0.0, 0.0, 0.0, 0.0, 3.100132571428888E-4, 0.0, 0.0, 0.0, 0.0, 0.0, 0.0, 0.0, 0.0, 0.0, 0.0, 0.0, 9.96777841204229E-4, 8.495932703043019E-4, 0.0020789003171036557, 4.0821031819036815E-4, 0.0, 0.0, 0.0, 0.004389575192912643, 0.0, 0.0, 0.0, 2.28560698034295E-4, 0.0, 0.0, 0.0, 0.0, 0.0, 0.0, 0.0, 0.0, 0.0, 0.0, 0.0, 0.0, 0.0, 0.007290144334661519, 0.0010107596691974767, 9.321192220854278E-4, 0.0, 0.00521935186921509, 0.0, 0.0, 0.0, 0.0, 0.0, 0.0, 0.0, 0.0, 0.0, 0.0, 0.0, 0.0, 0.0, 0.0, 4.16218064177205E-4, 4.934066402247608E-4, 5.622750423095078E-4, 0.0, 0.0, 0.0, 0.0, 0.0, 0.0, 0.0, 0.0, 0.0, 0.0, 0.0, 0.001073635856247241, 5.532627293758116E-4, 0.0046833117523235445, 0.0, 0.0, 0.0, 0.0, 0.0, 0.005035112332870112, 0.0, 4.7380168342527323E-4, 4.184234602627713E-4, 0.0, 2.3376045012157945E-4, 0.0, 0.0, 4.902201238591945E-4, 0.0, 0.0, 8.67349421299652E-4, 0.0, 5.621398556182582E-4, 0.0, 0.0, 0.0, 2.340451910933892E-4, 0.0, 2.3048783994737799E-4, 0.0, 0.0, 6.745363807585924E-4
3.372478161684092E-4, 0.0061814940740716195, 0.0, 0.0, 0.0, 0.0, 0.0, 0.0, 0.05941656304602109, 1.9263432550097533E-4, 0.0, 0.11373720838702067, 0.0, 0.0, 0.018783320256826917, 0.0, 0.0, 7.152663669738045E-4, 0.0, 0.0, 0.0, 0.0, 0.0, 0.0, 0.0, 0.0, 0.0, 0.0, 0.006020341605924225, 0.0, 1.8369667434525017E-4, 0.009774270863108147, 0.0, 0.0, 0.007328788901627656, 0.0, 0.0, 3.3934966389323023E-4, 2.997881035368591E-4, 2.7198122373787634E-4, 0.0, 4.3014366294884455E-4, 2.5333310750191596E-4, 0.0, 0.0, 0.0, 0.0, 0.0, 3.3006501010955706E-4, 0.0, 0.0, 3.4516084749998746E-4, 0.0, 5.128869272673034E-4, 2.3151103369442138E-4, 0.0, 0.0, 0.0, 0.0, 0.006745003512644902, 0.0, 0.0, 0.0, 0.0, 0.0, 0.0, 0.0, 0.0, 0.0, 0.0, 0.0, 4.13362497323353E-4, 0.015365295354846636, 0.0018566861040178587, 3.645766076733802E-4, 0.0, 0.0, 0.0, 0.0, 0.0, 0.0, 0.0, 0.0, 0.0, 0.0, 0.0, 0.0, 0.0, 0.0, 0.0, 0.0, 0.0, 0.0, 0.0, 0.0, 0.0, 0.0, 4.191607435298017E-4, 3.865486505787895E-4, 0.006784334756087284, 0.0, 0.0, 0.0, 0.0, 0.0, 0.0, 0.0, 0.0, 0.012190664647329649, 0.0, 0.0, 0.0, 0.0, 0.0, 0.0, 1.7260509947886185E-4, 0.0, 2.3317474171662605E-4, 0.0, 0.0, 0.0, 0.0, 0.0, 0.0, 0.0, 0.0, 0.0, 0.0, 0.0, 4.452354179724648E-4, 2.2943734705661677E-4, 0.0, 0.0, 0.0, 0.0, 0.0, 0.0, 0.0, 0.0, 1.9648495281563124E-4, 0.004738699064692811, 0.005542648962736814, 2.0877373284274497E-4, 0.0, 0.0, 0.0, 0.0, 0.0, 0.0, 0.0, 5.02052575515089E-4, 0.0, 0.0, 0.0, 0.0, 0.0, 0.0, 0.0, 0.0, 0.0
0.002217134268437752, 0.0, 0.0, 0.0, 4.061357915465146E-4, 2.687035594185642E-4, 0.0, 0.0, 0.0, 0.0018968029435544162, 4.220775515045889E-4, 3.3931415105780576E-4, 0.0, 0.0, 0.0, 0.0064012889226492805, 0.0, 0.022755775864587685, 0.0, 0.0, 0.0, 0.0, 0.001964002236430046, 0.0, 0.0, 0.0010252820479118379, 0.0, 0.0, 0.0, 0.055440959704350354, 0.0015906067824764856, 0.0, 0.0, 0.0025817126727931488, 0.01307770554176564, 0.005020966120020414, 0.0011067330743199388, 4.0307088709195583E-4, 0.009181500297766848, 0.0, 0.0, 5.109136865281357E-4, 9.064380347680709E-4, 0.0, 0.0, 0.0, 0.0, 0.0, 3.920428118200019E-4, 0.0, 0.0, 0.0, 0.0, 0.0, 0.0, 0.0, 0.0, 0.0, 0.0, 0.0, 0.0, 0.008250752160153177, 0.0, 0.012310699579159945, 0.0, 0.02082109827256805, 0.0, 0.0, 0.0, 0.0, 0.0, 4.909814454364455E-4, 7.812345209731117E-4, 0.0, 0.0, 0.0, 0.0, 7.911232165035688E-4, 0.00872860461499932, 0.005855147176238625, 0.0, 0.0, 2.1017057653734377E-4, 0.0, 0.0, 0.0010183813689397785, 0.0, 0.021823911309678225, 0.0, 0.0, 0.0, 0.0, 0.0, 0.0015568243469812903, 0.0, 0.0, 0.0, 0.030226787116697268, 4.591326412570505E-4, 0.0, 8.137390835501031E-4, 0.0, 0.0012574843602861992, 0.0, 0.0, 0.0, 0.0, 0.0025817126727931488, 0.021753379003832736, 0.004888857097562777, 7.338052032583541E-4, 0.004183347423270161, 0.0, 0.011964432166859051, 0.004711257242333752, 8.226052826579366E-4, 4.537068662077321E-4, 2.769590189449222E-4, 0.0, 0.007081561899218819, 0.0, 0.0, 0.001053492424137196, 0.006483118650853903, 0.0, 0.0, 0.0, 0.0, 0.0, 5.28839288738424E-4, 2.725198367641005E-4, 0.0, 0.0, 0.0, 0.0, 0.0, 0.0, 0.0017224908290224587, 7.905926297418976E-4, 2.3337982222530054E-4, 0.001617902658578065, 0.0, 0.0, 0.0, 0.0014604173920220909, 4.507767387297513E-4, 0.0, 0.0011442726734537643, 0.017735702629734895, 0.003920444912566513, 0.0021736055772931767, 0.0, 0.005242192713508317, 0.0, 2.1521378421984717E-4, 0.0, 0.0017570046475459816, 0.0, 0.0, 6.202628065922983E-4
0.0, 0.0, 0.0, 0.0, 0.0, 0.0, 0.0037345898886701418, 0.0, 0.0, 0.016176186301696975, 0.0, 0.042062737857170275, 0.018783320256826917, 0.0, 0.0, 0.0, 0.0, 0.0, 0.0, 0.0, 0.0036807600634347947, 0.0, 0.0, 0.0024928560991012163, 0.0, 0.0, 0.0, 0.0, 0.004743154001680241, 0.0, 0.0, 0.0, 0.0, 0.0, 0.0, 0.0, 0.0, 0.0, 0.0031036769264306905, 0.0, 0.0, 0.0, 0.0026227328942624657, 0.0, 0.0011383745396747517, 0.0, 0.0, 0.0, 0.0, 0.0, 0.0, 0.0, 0.0, 0.0, 0.0, 0.0, 0.0, 0.0, 0.0, 0.0, 0.0, 0.0, 0.0, 0.0, 0.0, 0.0, 0.0, 0.0, 0.0, 0.0, 0.0, 0.0, 0.0, 0.0, 0.0, 0.0, 0.0, 0.0, 0.0, 0.0, 0.0, 0.0, 0.0, 0.0, 0.0, 0.0, 0.0, 0.0, 0.0, 0.0, 0.0, 0.0, 0.0, 0.0, 0.0, 0.0, 0.0, 0.0, 0.0, 0.0, 0.0, 0.0, 0.0, 0.0, 0.0, 0.0, 0.0, 0.0, 0.0, 0.0, 0.0, 0.0, 0.0, 0.0, 0.0, 0.0, 0.0, 0.0, 0.0, 0.0, 0.0, 0.0, 0.0, 0.0, 0.0, 0.0, 0.0035257895028719378, 0.0, 0.0, 0.0, 0.0031024880621678967, 0.04036826363832922, 0.0, 0.0, 0.0, 0.0, 0.0, 0.0, 0.0, 0.0, 0.0, 0.0, 0.015370055430170627, 0.0, 0.0, 0.0, 0.002169198721402117, 0.0, 0.00347586230936586, 0.0, 0.0, 0.0, 0.0, 0.0, 0.0, 0.0, 0.0018473385142513692, 0.0, 0.0, 0.0
0.0, 0.0, 0.0, 2.387843357796885E-4, 6.162964528740669E-4, 2.038739923828296E-4, 0.0067301696772561715, 0.0, 0.0, 0.004694212870562383, 0.0, 0.0, 0.0, 0.0064012889226492805, 0.0, 0.0, 1.4134210367924206E-4, 0.0, 4.4859432027016794E-4, 0.0, 2.4530924588964315E-4, 0.0, 2.692288186292771E-4, 0.0, 0.021437743898048478, 0.0, 0.0, 0.0686192526542518, 3.16113930611613E-4, 0.005969523608007512, 0.054379914197930514, 0.0, 0.0, 0.0, 0.0, 0.0, 2.7875273343192544E-4, 3.058227853123423E-4, 0.0, 2.4511017468503243E-4, 3.2755476050368675E-4, 0.0, 0.0, 0.0, 0.0, 0.0, 0.0, 0.0, 2.97455431568102E-4, 0.0, 0.0, 3.110598388464194E-4, 0.0, 0.0, 0.0, 1.6867945634740057E-4, 0.0, 0.0, 0.0, 0.0, 0.0, 3.091412242209966E-4, 0.0, 0.0, 0.0, 0.0, 2.5472142807745344E-4, 2.7532422313939875E-4, 0.0, 0.0, 8.815054829799988E-4, 0.0, 0.0, 0.0, 0.0, 2.2548168006238293E-4, 2.131523061793035E-4, 0.0, 0.0, 2.193821037066414E-4, 2.7507579471416715E-4, 0.0, 1.594631444882491E-4, 0.0, 0.0, 2.5649959945630505E-4, 0.0, 0.1381919271521558, 3.2902677519550393E-4, 0.0, 0.0, 2.3708356202141822E-4, 6.51228841224644E-4, 0.0, 2.1935675404960114E-4, 2.3765962584236983E-4, 0.0, 0.010214325780179456, 0.0, 3.562294080158752E-4, 0.0, 0.0879437721136735, 0.010605699659045906, 0.0, 0.0, 0.0, 0.0, 0.0, 0.0, 0.0, 1.8482343300395818E-4, 0.0, 0.0632221350204753, 0.0, 0.0, 0.0, 3.4424192364785656E-4, 0.005682122699626051, 0.0, 0.0, 2.100398566066423E-4, 0.0, 0.05228318805620806, 0.0, 0.061368461335505504, 2.6094621433782404E-4, 0.0, 0.0, 0.0, 0.010849726932316558, 0.13998296786523745, 0.0, 0.0, 4.7888663005968307E-4, 4.962842811785708E-4, 0.0, 0.0, 0.0, 0.0, 0.0, 0.004553233849502962, 2.1381900039316236E-4, 1.8814742217664775E-4, 0.004473492514234125, 0.0, 3.420187421298327E-4, 0.0, 0.0, 0.00818143632578097, 0.0, 0.006343363938793406, 0.005209880344227182, 0.0, 2.073110725172843E-4, 0.02759594030478215, 0.0, 0.0045090473636683745, 0.0, 3.917564830230545E-4, 0.0
0.0, 0.0, 0.0, 5.065812078875043E-5, 1.3074735429956371E-4, 4.325188793515775E-5, 0.0, 0.0, 0.0, 0.0, 0.0, 0.0, 0.0, 0.0, 0.0, 1.4134210367924206E-4, 0.0, 0.0, 9.51693300450012E-5, 0.0, 5.2042381123108334E-5, 0.0027371626035024967, 5.7116920879257404E-5, 0.0, 0.0, 0.0, 0.0, 0.0026738414695062726, 6.70636020894798E-5, 0.00791521895160954, 0.005970571075812458, 0.0, 0.0, 0.0, 0.0, 0.0, 5.9137420360008385E-5, 6.488033458190747E-5, 0.0, 5.200014814708081E-5, 6.949077529874322E-5, 0.0, 0.0, 0.0, 0.0, 0.0, 0.0, 0.0, 6.310519964571546E-5, 0.037425376420528005, 0.0, 6.599137601450465E-5, 0.0, 0.0, 0.0, 3.5785363584784306E-5, 0.0, 0.0, 0.0, 0.008946176242009862, 0.0, 6.558434172925988E-5, 0.0, 0.0, 0.0, 0.0, 5.4039176518413224E-5, 5.84100615575259E-5, 0.0, 0.0, 1.870114766403578E-4, 0.0, 0.006939428132932365, 0.0, 0.0, 4.783596104389941E-5, 0.0025406416220080867, 0.0, 0.0, 4.654193530816418E-5, 5.83573574421925E-5, 0.0, 3.3830122099352655E-5, 0.0, 0.0, 5.4416415754809685E-5, 0.0, 0.0, 6.980306336327393E-5, 0.0, 0.0, 5.029730146532427E-5, 1.381582639922991E-4, 0.0, 4.653655737588019E-5, 5.041951346272564E-5, 0.0, 0.0, 0.0, 7.557410464488388E-5, 0.0, 6.653808871536618E-4, 8.024251949188402E-5, 0.0, 0.0, 0.0, 0.0, 0.0, 0.0, 0.0, 3.921030985191809E-5, 0.0, 0.0, 0.0, 0.0, 0.0, 7.303095863371239E-5, 0.0, 0.0, 0.0, 4.45599766487538E-5, 0.0, 5.629254765930618E-5, 0.0, 0.0023913046337804963, 5.5359765547975655E-5, 0.0, 0.0, 0.0, 0.0, 4.386617529493737E-5, 0.0, 0.0, 1.015958466055487E-4, 1.0528676003562525E-4, 0.0, 0.0, 0.0, 0.0, 0.0, 0.001971365342691852, 4.536172238215996E-5, 3.991549448834234E-5, 3.3846358261150456E-5, 0.0, 7.255931045165041E-5, 0.0, 0.0, 0.0, 0.0, 4.799376946985264E-5, 3.941785440958277E-5, 0.0, 4.398106483046494E-5, 0.0, 0.0, 3.411536556764394E-5, 0.0, 8.3111177171472E-5, 0.0
0.008445619102641936, 0.0, 0.0034283390112669165, 0.0, 0.0011058615093062828, 7.316491921164536E-4, 0.0, 0.004581117754460014, 0.0, 0.0011630565165484802, 0.001149269106211505, 0.0017247855569259007, 7.152663669738045E-4, 0.022755775864587685, 0.0, 0.0, 0.0, 0.0, 0.01632046022416219, 0.0, 0.0013259805503942949, 0.0, 0.005347754427623984, 0.0, 0.014867860202724143, 0.00445868676917637, 0.0, 0.0, 0.001708704138645707, 7.922715420031459E-4, 5.149870545882276E-4, 0.0, 0.0, 0.007029709600472886, 0.04184931287214518, 0.02183488460898405, 0.0015067540628544403, 0.0051742194142394785, 0.23999438279971255, 7.624896303393113E-4, 0.0, 0.008653959581274203, 0.00427742589278933, 0.0, 0.0, 0.0, 0.0, 0.002080432095153883, 0.00503265205474715, 0.0, 0.00573598726860148, 0.0041465146795512395, 0.0, 0.0014378601515331387, 6.490329004154276E-4, 0.0, 0.0, 0.0, 0.0, 7.762115591514437E-4, 0.0, 0.0, 0.0, 0.0, 0.007614157527396787, 0.004216870373992488, 0.0, 0.0, 0.0, 0.0, 0.0, 0.291740558380168, 0.010039141252612287, 0.005205153067746717, 0.0010220774765067845, 0.0, 0.0, 0.005330393551120418, 0.0011126870948519282, 0.0, 0.0, 0.0019537881716458778, 5.722705455146759E-4, 0.0, 0.0, 0.0069323412338072625, 0.0, 0.0, 0.0, 0.006331918717869419, 0.0, 0.0, 0.0, 0.004239055404404858, 0.0, 0.0, 0.016335745171770485, 0.03202429449056145, 0.0023338412084631627, 0.0, 0.005482773697907955, 0.0, 0.005468474641756723, 0.0, 0.0, 0.0023608922261885803, 0.0, 0.007029709600472886, 0.06961190256581051, 0.02126037659753456, 0.004995170005345045, 0.0, 0.0021504711118900534, 0.002423141127600467, 0.0, 0.005062263113686743, 0.005830294482463421, 0.0014078249146030704, 0.0, 0.0018054575465855272, 0.001135337413222927, 0.0, 0.0028685398983498973, 0.0013130177194294599, 0.0, 0.0, 0.023224041312404114, 0.0, 0.03477587729172204, 0.04644545852581465, 0.012204210083850248, 0.010494358387688554, 0.0, 0.0, 0.0, 0.0, 0.0, 0.003413825935083269, 0.005381734243635766, 0.005359442855261012, 0.0032952842002309775, 0.0, 5.852896909282275E-4, 8.623666286482599E-4, 0.012214360733002444, 0.003076142248157354, 0.0, 0.0015578620895550746, 0.005442637029607224, 0.0266873125836436, 0.001407486434005955, 0.0, 0.0, 0.0, 0.004116547370686797, 0.0, 5.770957257113112E-4, 0.0, 0.0, 0.0016889049863169992
0.002161542331829507, 0.0030150327543636045, 0.0055896529394111995, 0.004508263628051954, 9.628565940203056E-4, 1.372736839456217E-4, 0.05959926155787997, 0.0031881225380814716, 0.0, 0.0, 0.0, 0.0, 0.0, 0.0, 0.0, 4.4859432027016794E-4, 9.51693300450012E-5, 0.01632046022416219, 0.0, 0.003943317466380294, 1.651731223566786E-4, 0.0, 1.8127879542462484E-4, 0.0, 0.0, 0.0, 0.0, 0.002121572527400254, 2.1284776588914947E-4, 0.0, 1.1146773361181899E-4, 0.0, 5.813879368599761E-4, 0.0, 0.0, 0.0, 0.006254115261463687, 0.0029246857545938837, 0.01687895427162834, 1.6503908251518134E-4, 2.205511754723152E-4, 0.0027569451651180913, 0.006186307809360955, 0.0, 0.0, 0.0, 0.0, 2.771234073137517E-4, 0.0028446659474548126, 4.6398979793519507E-4, 0.0, 0.002974769452090516, 4.201996664423231E-4, 8.218191131122327E-4, 3.709593328887615E-4, 1.135762836059638E-4, 0.0, 0.03953034072681688, 0.0, 0.028393548318829294, 0.0, 2.0815286056000997E-4, 0.0, 0.0, 0.01611296991873414, 0.0, 1.7151059045541434E-4, 1.853829904838551E-4, 0.0, 0.0, 5.935406652541734E-4, 0.00943182359359168, 0.0, 0.06217230536732929, 0.0, 5.527295332781281E-4, 0.0021235252213474523, 0.0, 3.6600077617743955E-4, 5.377774715790553E-4, 0.0027404366311024496, 0.0016996168944241176, 3.908964551074276E-4, 0.005710964074155623, 0.0, 0.0025553716892595855, 0.0, 0.014887717425849824, 2.2154232141106934E-4, 8.434415590958781E-4, 0.002657235988448109, 1.5963455456602594E-4, 4.3848938788954765E-4, 0.0, 0.0021853368985151837, 1.6002243338257124E-4, 0.00622437281170505, 0.0, 0.0, 2.3985856457984215E-4, 0.0, 0.059214838719835364, 2.546752705047926E-4, 0.0, 6.141524561770678E-4, 0.0, 0.0, 0.0, 0.0, 0.0, 1.2444644474459676E-4, 2.7868879406107815E-4, 0.0014965704412716906, 0.0041641997093726036, 0.022040476687018824, 0.0024891481144847833, 2.317870782602508E-4, 0.0019520008275204347, 6.130983604652077E-4, 0.0, 1.414253213703792E-4, 0.0, 1.7866238365045044E-4, 0.0, 0.0, 1.7570190162633902E-4, 0.013009335876682897, 0.0, 0.01778066771098585, 0.01015907816293837, 0.007668420527668775, 0.003998642139539322, 0.0, 3.2244687579941335E-4, 3.341611686975767E-4, 0.0, 0.0, 0.0, 0.0, 0.002904198250530916, 2.9939563225746154E-4, 1.439699175872506E-4, 1.266845734720395E-4, 1.0742223076174035E-4, 0.0, 2.3029015207809273E-4, 0.002889177686285706, 5.124340316272314E-4, 5.379662856101156E-4, 0.20151232116551648, 5.54552960167042E-4, 1.2510515370213886E-4, 0.0, 1.3958795977138245E-4, 0.0015168218261723738, 0.0015373417795702517, 1.0827601138805684E-4, 0.0, 2.6377987209458455E-4, 0.0
0.003492352709575496, 0.0, 0.026237323584589214, 0.0017560316709700852, 0.00428944259403467, 0.0, 0.0018303992827071846, 0.0, 0.001170578291764132, 0.0, 0.0, 0.0, 0.0, 0.0, 0.0, 0.0, 0.0, 0.0, 0.003943317466380294, 0.0, 0.0018040161786887355, 0.006268592966666096, 0.0, 0.007368356103546286, 0.010909520009369778, 0.0, 0.0, 0.0, 0.0, 0.0, 0.0, 0.001164899263311718, 0.004227006189140957, 0.0, 0.0, 0.0, 0.004274311501979417, 0.07072163053439857, 0.0, 0.0028164878114445933, 0.020014303057329673, 0.0, 0.0020068843127372155, 4.984692507348145E-4, 0.001911815169865522, 0.0, 0.0, 0.007387738386967957, 4.27246440573153E-4, 3.748286591877343E-4, 0.043409169486437096, 4.4678696318229495E-4, 0.0020774543211498145, 6.638968305629318E-4, 2.996751005704037E-4, 0.0017228846704150755, 0.0, 0.0, 0.0, 0.0028671739371453234, 0.007469754795575682, 0.0, 0.0, 0.0, 0.0, 0.0, 0.046830845658091216, 0.0, 0.0, 0.011863457547961186, 0.0, 0.0, 0.0, 0.0, 0.0, 0.0026269279565559094, 0.0, 5.401126545593272E-4, 0.0018094966625071653, 0.0014354864376151053, 0.0, 2.746030729575615E-4, 2.2904292090429867E-4, 0.002306767321297927, 0.0, 0.0, 0.0, 0.016221421221825714, 0.0, 6.813642672877819E-4, 0.0, 0.0, 0.0, 0.0, 0.0, 0.019419561101601167, 0.0, 0.0, 0.0, 8.085581697204003E-4, 0.0, 0.023065007009882486, 0.0, 0.008292734084413373, 0.01637248083779905, 0.031148748834819103, 0.014302359818003967, 0.0, 0.0, 0.0, 0.0, 2.2513543934246248E-4, 0.0, 0.0, 2.5354599123374535E-4, 0.0029596972651301148, 0.0, 0.002146337110108911, 0.031207309913459613, 0.0, 0.001544643366839531, 0.0, 0.0, 0.0, 0.0, 0.0, 0.0012000430006704225, 0.0, 0.0, 0.0, 0.0, 0.0, 0.0, 5.434808137560783E-4, 0.0, 0.005000981104666602, 4.171399474565273E-4, 0.0, 0.09095463100282233, 0.0, 6.240668092850606E-4, 0.0, 0.002344510150127309, 0.0, 0.0, 0.0, 0.003072299680798118, 4.13963759228661E-4, 0.0019797974675909587, 0.001418300158262487, 3.2493625391889877E-4, 0.0, 0.00902781999397774, 4.705480726337971E-4, 0.0, 0.0, 0.0, 0.001194080833095265, 8.891963935641884E-4, 0.0
2.4701752650401637E-4, 0.0, 0.0, 8.792076165129185E-5, 2.269213068887016E-4, 7.506671923289856E-5, 0.01259258492896775, 0.0, 8.914331438267915E-4, 0.0, 0.0, 0.0, 0.0, 0.0, 0.0036807600634347947, 2.4530924588964315E-4, 5.2042381123108334E-5, 0.0013259805503942949, 1.651731223566786E-4, 0.0018040161786887355, 0.0, 0.0, 0.0352061137802111, 0.08139300041471023, 0.004714233385372638, 6.34379308845886E-4, 2.0013668455250207E-4, 8.882477904703039E-4, 0.013612715952463337, 8.585889932685661E-4, 6.095499750615402E-5, 0.0, 0.0, 0.0, 3.127597945759325E-4, 0.003106654430792344, 3.2919306902830746E-4, 3.611614495623989E-4, 0.0, 2.8946288583869774E-4, 3.868258278851062E-4, 0.002620078845080066, 1.855541076816056E-4, 0.0, 0.0, 1.838843697537117E-4, 0.0, 0.0, 0.01861900347280231, 0.0, 0.002182890123282745, 1.1453271363552996E-4, 0.006029477527294042, 0.0, 0.0, 1.9920202120847654E-4, 1.7601304325457764E-4, 0.0, 2.1561668006819435E-4, 0.0, 4.1276802368238406E-4, 1.1382627676381609E-4, 0.0, 0.0, 2.3654265441008047E-4, 0.0016047742541095502, 9.378882367785305E-5, 1.0137480467646842E-4, 0.0, 0.021515406582044743, 3.2457168184976025E-4, 0.0014487912628508683, 0.0, 0.006507485857512316, 0.005111207787423647, 8.302270324711949E-5, 0.0236582669616979, 0.0, 0.0022167764518075195, 0.02434972658350985, 1.0128333294616888E-4, 0.0, 0.010111081423038215, 0.0, 0.0, 9.444354912902088E-5, 0.0, 0.0, 1.2114816738040733E-4, 0.0, 0.0, 2.7998385679347436E-4, 2.3978346629314063E-4, 0.009092617777552468, 2.5904938110790036E-4, 8.750664171330283E-5, 0.0, 0.0, 0.0, 0.005672852465114993, 0.002102751403898292, 0.013352556797707912, 9.173179123300366E-4, 0.0, 2.8073735755676434E-4, 0.1367908854023048, 0.0, 0.0, 5.202428152891848E-4, 0.0030249137716930564, 6.805227381291549E-5, 0.0, 0.0, 9.221517738913881E-4, 1.4346844965079525E-4, 6.049623796734119E-4, 0.0017453337253919763, 0.0, 0.0034331300736092705, 4.792774063960477E-4, 0.0156705470367141, 0.0, 0.0018911365145879385, 0.02737150604635056, 0.004150278799701026, 9.608079960391727E-5, 0.004965492659235356, 0.011336409284826848, 0.0, 0.0015605024346600758, 0.004277423663113671, 0.0, 0.0, 1.763267976602728E-4, 1.8273263970314176E-4, 0.0, 0.0, 1.9190782897906668E-4, 0.0021443767607937482, 0.0037418060029898335, 0.002619543349634869, 7.872848655964392E-5, 0.0019425038563179481, 3.8692542179253605E-4, 0.002612007423772891, 0.02211196408004021, 0.02036965330848242, 0.0, 2.459116331096596E-4, 0.0, 0.0036025775591592866, 0.02351299003297219, 1.596366368237582E-4, 7.633225745294578E-5, 0.0, 0.0, 5.920963663905975E-5, 0.0, 1.4424534279751603E-4, 0.0
