0.0, 3.490247023157651E-4, 0.03190074029477195, 9.312769471221005E-5, 0.0, 0.0, 0.0, 0.0, 0.0, 0.0, 0.0, 0.10268650309954563, 0.0, 0.0, 5.0136030484587845E-5, 0.0, 0.0, 5.049930376843181E-5, 0.0, 0.0, 8.090338061732829E-5, 0.0, 0.0, 0.0, 1.3717182910801229E-4, 7.197503679462093E-5, 0.0, 0.0, 7.7262723721428E-5, 1.227456115700904E-4, 1.1953823719470967E-4, 0.0, 0.0, 0.0, 0.0, 7.93163242527729E-5, 9.308636569873058E-5, 0.0, 9.121690603912976E-5, 8.144536977066743E-5, 1.2735262665475826E-4, 0.0, 0.0, 9.149270640340085E-5, 1.0695066573845915E-4, 1.5013879533003395E-4, 7.367909120741687E-5, 0.0, 5.7824633631256595E-5, 1.2653445506141266E-4, 0.0, 8.58494612655532E-5, 8.289415203359255E-5, 0.0, 0.0, 1.7085393962024858E-4, 0.0, 0.0, 2.1499964696878E-4, 0.0, 0.0, 0.0, 7.134258746021208E-5, 6.144083256217444E-5, 0.0, 0.0, 0.0, 1.2421393371154498E-4, 0.0, 7.708052555888581E-5, 6.285503819870258E-5, 1.197323656914411E-4, 9.270290343763359E-5, 1.2938398742335256E-4, 5.879226689544387E-5, 0.0, 0.0, 0.0, 0.0, 0.0, 9.108880182119607E-5, 0.0, 0.053752585838639656, 0.0, 0.0, 0.0, 1.372307881557959E-4, 0.0, 1.3680927824824E-4, 0.0, 8.90526871448714E-5, 0.0, 0.0, 0.0, 0.0, 1.1284577465255755E-4, 0.0, 0.0, 0.0, 0.0, 0.0, 0.0, 1.451617209365235E-4, 0.0, 5.5350205477980324E-5, 0.0, 0.0, 0.0, 0.0, 0.0, 1.7167705794848522E-4, 0.0, 0.0, 0.0, 7.391969839060543E-5, 9.73002658630466E-5, 0.0, 0.0, 8.359714954554478E-5
3.490247023157651E-4, 0.0, 2.2231629203118172E-4, 3.744770393136595E-4, 0.0, 0.0, 0.06720258516029938, 0.0, 0.001221436179640968, 0.0, 0.0, 0.0, 0.0, 0.0, 2.0160267379995886E-4, 0.0, 0.01085895906326669, 2.030634369404621E-4, 0.0, 0.0, 7.250769686585E-4, 2.7151118263022306E-4, 4.081245284330175E-4, 0.0, 8.9047641358676E-4, 2.89419798982821E-4, 0.0, 0.0, 3.106821887723176E-4, 4.935740474577146E-4, 6.775620606271705E-4, 0.0, 0.0019119912506334622, 0.0, 0.0, 3.1893994978838804E-4, 3.743108506556736E-4, 0.0, 8.175094441862348E-4, 0.001132367746882097, 0.0011413670946866696, 0.0, 0.0, 3.679025655968196E-4, 4.300607760358526E-4, 6.037251510955644E-4, 2.9627199534938193E-4, 0.008871858471784861, 8.039591481220209E-4, 0.09820021758356741, 0.19467448308655969, 3.4521043585095877E-4, 0.06474166470586885, 3.4542946171648884E-4, 0.0, 6.870230994312034E-4, 0.0, 0.0, 0.0012186527696321746, 0.0, 0.0, 0.0, 2.8687664836584055E-4, 0.005517685999174615, 0.0, 0.0, 0.0, 4.99478337583115E-4, 0.0, 3.09949549263866E-4, 2.527472486389278E-4, 4.814574434888554E-4, 3.7276890534426136E-4, 5.202677108525091E-4, 2.364103837164748E-4, 0.0, 0.0, 0.0, 0.0, 0.0, 3.6627841939007973E-4, 0.0, 3.746018261743165E-4, 0.0, 0.0, 0.0, 5.51820587957974E-4, 0.0, 5.501256487381137E-4, 0.0, 3.58090970983358E-4, 0.0, 0.0, 0.0, 0.0, 0.0010113529445452075, 0.0, 0.0, 0.0, 0.0, 0.001051560054585122, 0.0, 5.837117695866021E-4, 0.011170343862801921, 0.005244211380913901, 0.0, 0.0, 7.896799394773026E-4, 0.0, 0.0, 6.903329517314821E-4, 7.979620921088983E-4, 0.0, 5.125166186121634E-4, 2.9723950416484754E-4, 8.720300843217568E-4, 0.0, 0.0, 7.492192207354094E-4
0.03190074029477195, 2.2231629203118172E-4, 0.0, 0.003855736388771334, 0.0, 0.004356835926474872, 0.0, 0.006671898172710503, 0.049049054213813385, 0.006250638926678463, 0.0, 0.008866369183839762, 0.004765392293540826, 0.0, 0.004630555277258663, 0.004459988759310141, 0.010978406553403913, 0.018559929776376986, 0.0018662764517650187, 0.026155777877428447, 5.153256910555178E-5, 0.0, 0.0, 0.0, 8.737356472505116E-5, 4.58455324016338E-5, 0.0, 0.0, 4.9213600458679175E-5, 7.818457847340059E-5, 7.61415953448157E-5, 0.0, 0.0, 0.0, 0.0, 5.0521670782678256E-5, 5.929269625757837E-5, 0.0, 5.8101917103934615E-5, 5.187779687336309E-5, 8.111908283415058E-5, 0.010154297745675438, 0.0, 5.827759210320766E-5, 6.812376109622603E-5, 9.563305991334697E-5, 4.693095431005055E-5, 0.0, 0.001768698721683606, 8.059793669844446E-5, 0.0, 5.4683046142004454E-5, 0.0025355073007779557, 0.011399529359587086, 0.0, 1.088278682949181E-4, 0.0, 0.0, 0.0022833834463914008, 0.0, 0.0, 0.0, 4.544268472354549E-5, 3.9135619868457484E-5, 0.0, 0.0, 0.0, 7.911984732924262E-5, 0.0, 4.909754672482447E-5, 4.003641844000985E-5, 7.626524827621159E-5, 5.904844446836303E-5, 8.241298722216416E-5, 3.744857796477031E-5, 0.0, 0.0, 0.0, 0.0, 0.0, 5.802031928425133E-5, 0.0, 5.933878822369439E-5, 0.0, 0.0, 0.0, 8.741111953649567E-5, 0.0, 8.714263275295148E-5, 0.0, 5.672338682649869E-5, 0.0, 0.0, 0.0, 0.0, 0.04147403027012801, 0.0, 0.0, 0.0, 0.016784755917209133, 0.0, 0.0, 0.0044401033631285974, 0.0, 3.5256107557384124E-5, 0.0, 0.0, 0.0, 0.0, 0.0, 1.0935216532439001E-4, 0.0, 0.0, 0.0, 4.708421250767277E-5, 6.197680042930195E-5, 0.0, 0.0, 5.324840387522978E-5
9.312769471221005E-5, 3.744770393136595E-4, 0.003855736388771334, 0.0, 0.0, 0.007338800965126111, 0.0, 0.004605889210507306, 0.0, 0.004315076406429818, 0.0, 0.006120823954906302, 0.06333020261692783, 0.0, 5.379215893384575E-5, 3.709903736308454E-4, 9.132048013835401E-4, 5.4181923620680326E-5, 4.7542383428067335E-4, 0.0, 8.680319256209489E-5, 4.192438209611005E-4, 0.0, 0.0, 1.4717497100000384E-4, 7.722375666968347E-5, 0.0, 0.0, 8.289704378096887E-5, 1.3169673351064615E-4, 1.2825546401856177E-4, 0.0, 0.0, 0.0, 0.0, 8.510040142817418E-5, 9.987461172817593E-5, 0.0, 7.938248998817562E-4, 7.087870583584364E-4, 1.3663971135013147E-4, 8.44653858546871E-4, 0.0, 9.816473615022943E-5, 9.307496297418758E-4, 1.6108754248129057E-4, 7.90520778374955E-5, 0.0, 6.204144708943699E-5, 1.357618752717859E-4, 0.0, 9.21099620401995E-5, 8.89391393331015E-5, 0.0, 0.0, 1.8331332149144417E-4, 0.0, 0.0, 0.001324264417814244, 0.0, 0.0, 5.916224616824287E-4, 7.654518649200288E-5, 6.592135432876527E-5, 0.0, 5.941260386195115E-4, 0.0, 1.3327213182670332E-4, 0.001308484627483229, 8.270155896850578E-5, 5.470027056579286E-4, 0.001041983743307863, 9.946318579966325E-5, 1.388192074183293E-4, 5.116460030126064E-4, 0.0, 0.0, 0.0, 0.0, 0.0, 9.773137716129337E-5, 0.0, 9.995225058608226E-5, 0.0, 0.026655858426420428, 0.0, 1.47238229587457E-4, 0.0, 1.4678598141941733E-4, 0.0, 0.013854283174034972, 0.0, 0.0, 0.0, 0.0, 1.2107495919505121E-4, 0.0, 0.0, 0.0, 0.0, 0.0, 0.014855580005205385, 1.557475190647261E-4, 0.0, 5.938657331492991E-5, 0.0, 0.0, 0.0, 0.0, 0.0, 1.8419646504122075E-4, 0.0, 0.0, 0.0, 7.931023110000164E-5, 1.0439580706772174E-4, 0.0, 0.0, 8.969340235567281E-5
0.0, 0.0, 0.0, 0.0, 0.0, 0.0, 0.05899895478086207, 0.0, 0.0, 0.0, 0.0, 0.0, 0.0, 0.0, 0.0, 0.014648040685396395, 0.0, 0.0, 0.0, 0.0, 0.0, 0.0, 0.0, 0.0, 0.0, 0.0, 0.0, 0.0, 0.0, 0.0, 0.0, 0.0, 0.0, 0.0, 0.0, 0.0, 0.0, 0.0, 0.0, 0.0, 0.0, 0.0, 0.0, 0.0, 0.0, 0.0, 0.0, 0.0, 0.0, 0.0, 0.037858842428345606, 0.0, 0.0, 0.0, 0.0, 0.0, 0.0, 0.0, 0.0, 0.0, 0.0, 0.0, 0.0, 0.0, 0.0, 0.0, 0.0, 0.0, 0.0, 0.0, 0.0, 0.0, 0.0, 0.0, 0.0, 0.0, 0.0, 0.0, 0.0, 0.0, 0.0, 0.0, 0.0, 0.0, 0.0, 0.0, 0.0, 0.0, 0.0, 0.0, 0.0, 0.0, 0.0, 0.0, 0.0, 0.0, 0.0, 0.0, 0.0, 0.0, 0.0, 0.0, 0.09839159862103664, 0.0, 0.0, 0.0, 0.0, 0.0, 0.0, 0.0, 0.0, 0.0, 0.0, 0.0, 0.0, 0.0, 0.0, 0.0, 0.0
0.0, 0.0, 0.004356835926474872, 0.007338800965126111, 0.0, 0.0, 0.0, 0.005285800175183212, 0.0, 0.004952058241653508, 0.0, 0.007024366165669414, 0.0, 0.0037116815178776913, 0.0029027031442603987, 0.0, 0.0, 0.0, 0.0, 0.0, 0.0, 0.0, 0.004782090929061109, 0.0, 0.0, 0.0, 0.0, 0.0, 0.0, 0.0, 0.0, 0.005224045424472689, 0.0, 0.0, 0.0, 0.0, 0.0, 0.0, 0.0, 0.0, 0.0, 0.0, 0.0, 0.0, 0.0, 0.0, 0.052255622626567695, 0.0, 0.0, 0.0, 0.0, 0.0, 0.0, 0.0, 0.0, 0.0, 0.0, 0.0, 0.004149245863298516, 0.0, 0.0, 0.0, 0.0, 0.0, 0.0, 0.0, 0.0, 0.0, 0.0, 0.0, 0.0, 0.0, 0.0, 0.0, 0.0, 0.0, 0.0, 0.0, 0.0, 0.0, 0.0, 0.0, 0.0, 0.0, 0.0, 0.0, 0.0, 0.0, 0.0, 0.0, 0.0, 0.0, 0.0, 0.0, 0.0, 0.0, 0.0, 0.0, 0.0, 0.0, 0.0, 0.0, 0.0, 0.0, 0.0, 0.0, 0.0, 0.004626432635567155, 0.0, 0.0, 0.0, 0.0, 0.0, 0.0, 0.0, 0.0, 0.0, 0.0, 0.0
0.0, 0.06720258516029938, 0.0, 0.0, 0.05899895478086207, 0.0, 0.0, 0.0, 0.0, 0.0, 0.0, 0.0, 0.0, 0.0, 0.0, 0.0, 0.0, 0.012964445360712899, 0.0, 0.0, 0.0, 0.0, 0.0, 0.0, 0.0, 0.0, 0.0, 0.0, 0.0, 0.0, 0.02301636105321216, 0.0, 0.0, 0.03242828737208143, 0.0, 0.0, 0.0, 0.03452254816016823, 0.0, 0.0, 0.0, 0.0, 0.0, 0.0, 0.0, 0.0, 0.0, 0.0, 0.0, 0.0, 0.032263575247016306, 0.0, 0.0, 0.0, 0.0, 0.0, 0.0, 0.0, 0.0, 0.0, 0.0, 0.0, 0.0, 0.0, 0.0, 0.0, 0.0, 0.0, 0.0, 0.0, 0.0, 0.0, 0.0, 0.0, 0.0, 0.0, 0.0, 0.0, 0.0, 0.0, 0.0, 0.0, 0.0, 0.0, 0.0, 0.0, 0.0, 0.0, 0.0, 0.0, 0.0, 0.0, 0.0, 0.0, 0.0, 0.0, 0.0, 0.0, 0.0, 0.0, 0.0, 0.0, 0.0, 0.0, 0.0, 0.0, 0.0, 0.0, 0.0, 0.0, 0.0, 0.0, 0.0, 0.0, 0.0, 0.0, 0.0, 0.0, 0.0
0.0, 0.0, 0.006671898172710503, 0.004605889210507306, 0.0, 0.005285800175183212, 0.0, 0.0, 0.0, 0.044878808163706, 0.0, 0.010756855795370411, 0.005781468901996326, 0.0, 0.02231655173278085, 0.0, 0.0, 0.0, 0.0, 0.0, 0.0, 0.0, 0.0, 0.0, 0.0, 0.0, 0.0, 0.0, 0.0, 0.0, 0.0, 0.0, 0.0, 0.0, 0.0, 0.0, 0.0, 0.05320579229784147, 0.0, 0.0, 0.0, 0.0, 0.0, 0.0, 0.0, 0.0, 0.0, 0.0, 0.0, 0.0, 0.0, 0.0, 0.0, 0.0, 0.0, 0.0, 0.0, 0.0, 0.0, 0.0, 0.0, 0.0, 0.0, 0.0, 0.0, 0.0, 0.0, 0.05529011074097789, 0.0, 0.0, 0.0, 0.0, 0.0, 0.0, 0.0, 0.050112974338344135, 0.0, 0.0, 0.0, 0.0, 0.0, 0.0, 0.0, 0.0, 0.0, 0.0, 0.0, 0.0, 0.0, 0.0, 0.0, 0.0, 0.0, 0.0, 0.0, 0.0, 0.0, 0.0, 0.0, 0.0, 0.0, 0.0, 0.028717506915911902, 0.0, 0.0, 0.0, 0.0, 0.0, 0.0, 0.0, 0.0, 0.0, 0.0, 0.0, 0.0, 0.0, 0.0, 0.0, 0.0
0.0, 0.001221436179640968, 0.049049054213813385, 0.0, 0.0, 0.0, 0.0, 0.0, 0.0, 0.0, 0.0, 0.0, 0.0, 0.0, 0.0, 0.017725542202514828, 0.0012566014652499256, 0.0, 0.00985100846930572, 0.0, 8.493809935424024E-4, 5.768940317862327E-4, 8.671635635694443E-4, 0.0, 7.200635103549504E-4, 0.0, 0.0, 0.0, 0.0, 0.0, 4.1833236098007547E-4, 0.004625515961670357, 0.004062507962407431, 0.0, 0.0, 0.0, 0.0, 0.0, 9.576596884850745E-4, 0.0017101423591295744, 0.014394050562987483, 0.0, 0.0, 0.0, 0.0, 0.027365684316041652, 0.0, 0.0, 0.02517708867465842, 0.0, 0.007761842325089906, 0.0, 0.2103927780331501, 0.0580739576400996, 0.0, 0.0, 0.0, 0.0, 0.012082218830333807, 0.0, 0.0, 0.0, 0.0, 0.0, 0.0, 0.0, 0.0, 0.0, 0.0, 0.0, 0.022913080250009824, 0.0, 0.0, 0.0, 0.0, 0.0, 0.0, 0.0, 0.0, 0.0, 0.0, 0.02047566086041512, 0.004775616732748112, 0.0, 0.0, 0.0, 0.0, 0.0, 0.0, 0.0, 0.0, 0.0, 0.0, 0.0, 0.0, 0.024324087818269016, 0.0, 0.0, 0.0, 0.037523498359931746, 0.013143995793507599, 0.0, 0.022948713501054097, 0.0, 5.811056616290951E-4, 0.0, 0.0, 0.0016778743317037094, 0.0, 0.0, 0.0, 0.0016954718552282463, 0.0, 0.0010889709057445866, 0.0, 0.0010215271087570983, 0.0, 0.0, 0.005163121500567832
0.0, 0.0, 0.006250638926678463, 0.004315076406429818, 0.0, 0.004952058241653508, 0.0, 0.044878808163706, 0.0, 0.0, 0.0, 0.010077675021813701, 0.005416430772281703, 0.0, 0.0, 0.020277214442724015, 0.0, 0.0, 0.0, 0.0, 0.0, 0.0, 0.0, 0.0, 0.0, 0.0, 0.0, 0.0, 0.0, 0.0, 0.0, 0.0, 0.0, 0.0, 0.0, 0.0, 0.0, 0.024923206848535294, 0.0, 0.0, 0.0, 0.0, 0.0, 0.0, 0.0, 0.0, 0.0, 0.0, 0.0, 0.0, 0.0, 0.0, 0.0, 0.0, 0.0, 0.0, 0.0, 0.0, 0.0, 0.0, 0.0, 0.0, 0.0, 0.0, 0.0, 0.0, 0.0, 0.0, 0.0, 0.0, 0.0, 0.0, 0.0, 0.0, 0.0, 0.0, 0.0, 0.0, 0.0, 0.0, 0.0, 0.0, 0.0, 0.0, 0.0, 0.0, 0.0, 0.0, 0.0, 0.0, 0.0, 0.0, 0.0, 0.0, 0.0, 0.0, 0.0, 0.0, 0.0, 0.0, 0.0, 0.0, 0.026904302487703098, 0.0, 0.0, 0.0, 0.0, 0.0, 0.0, 0.0, 0.0, 0.0, 0.0, 0.0, 0.0, 0.0, 0.0, 0.0, 0.0
0.0, 0.0, 0.0, 0.0, 0.0, 0.0, 0.0, 0.0, 0.0, 0.0, 0.0, 0.0, 0.0, 0.0, 0.0, 0.0, 0.0, 0.0, 0.0, 0.0, 0.0, 0.0, 0.0, 0.0, 0.0, 0.0, 0.0, 0.0, 0.0, 0.0, 0.0, 0.0, 0.0, 0.0, 0.0, 0.0, 0.0, 0.0, 0.0, 0.0, 0.0, 0.0, 0.0, 0.0, 0.0, 0.0, 0.0, 0.0, 0.0, 0.0, 0.0, 0.0, 0.0, 0.0, 0.0, 0.0, 0.0, 0.0, 0.0, 0.0, 0.0, 0.0, 0.0, 0.02420724482413598, 0.0, 0.0, 0.0, 0.0, 0.0, 0.0, 0.0, 0.04717368838927592, 0.0, 0.0, 0.0, 0.0, 0.0, 0.0, 0.0, 0.0, 0.0, 0.0, 0.0, 0.0, 0.0, 0.0, 0.0, 0.0, 0.0, 0.0, 0.0, 0.0, 0.0, 0.0, 0.0, 0.0, 0.0, 0.0, 0.0, 0.0, 0.0, 0.0, 0.0, 0.0, 0.0, 0.0, 0.0, 0.0, 0.0, 0.0, 0.0, 0.0, 0.0, 0.0, 0.0, 0.0, 0.0, 0.0, 0.0
0.10268650309954563, 0.0, 0.008866369183839762, 0.006120823954906302, 0.0, 0.007024366165669414, 0.0, 0.010756855795370411, 0.0, 0.010077675021813701, 0.0, 0.0, 0.007683066555130465, 0.0, 0.0, 0.0, 0.0, 0.0, 0.0, 0.0, 0.0, 0.0, 0.0, 0.0, 0.0, 0.0, 0.0, 0.0, 0.0, 0.0, 0.0, 0.0, 0.0, 0.0, 0.0, 0.0, 0.0, 0.0, 0.0, 0.0, 0.0, 0.0, 0.0, 0.0, 0.0, 0.0, 0.0, 0.0, 0.0, 0.0, 0.0, 0.0, 0.0, 0.0, 0.0, 0.0, 0.0, 0.0, 0.0, 0.0, 0.0, 0.0, 0.018755985303014748, 0.0, 0.0, 0.0, 0.0, 0.0, 0.0, 0.0, 0.009295091063240264, 0.0, 0.01370903517002969, 0.0, 0.00869428275391227, 0.0, 0.0, 0.0, 0.0, 0.0, 0.0, 0.0, 0.0, 0.0, 0.0, 0.0, 0.0, 0.0, 0.0, 0.0, 0.0, 0.0, 0.0, 0.0, 0.0, 0.0, 0.0, 0.0, 0.0, 0.0, 0.0, 0.0, 0.0, 0.0, 0.0, 0.018139831607303297, 0.0, 0.0, 0.0, 0.0, 0.0, 0.0, 0.0, 0.0, 0.0, 0.0, 0.0, 0.0, 0.0
0.0, 0.0, 0.004765392293540826, 0.06333020261692783, 0.0, 0.0, 0.0, 0.005781468901996326, 0.0, 0.005416430772281703, 0.0, 0.007683066555130465, 0.0, 0.0, 0.0, 3.233887110576357E-4, 7.960317696677652E-4, 0.0, 4.144223459746475E-4, 0.0, 0.0, 3.654507731631773E-4, 0.0, 0.0, 0.0, 0.0, 0.0, 0.0, 0.0, 0.0, 0.0, 0.0, 0.0, 0.0, 0.0, 0.0, 0.0, 0.0, 6.06658163025964E-4, 5.416704047257209E-4, 0.0, 7.362765775619048E-4, 0.029462732986258244, 0.0, 7.112990039748175E-4, 0.0, 0.0, 0.0, 0.0, 0.0, 0.0, 0.0, 0.0, 0.0, 0.0, 0.0, 0.0, 0.0, 9.532683983336675E-4, 0.0, 0.0, 5.157115626579664E-4, 0.0, 0.0, 0.0, 5.178939063958728E-4, 0.0, 0.0, 0.0011405933608983271, 0.0, 4.1803130216008674E-4, 7.963065201308551E-4, 0.0, 0.0, 3.91010945050274E-4, 0.0, 0.0, 0.0, 0.0, 0.0, 0.0, 0.0, 0.0, 0.0, 0.02323565329819708, 0.0, 0.0, 0.0, 0.0, 0.0, 0.011993357090475448, 0.0, 0.0, 0.0, 0.0, 0.0, 0.0, 0.0, 0.0, 0.0, 0.0, 0.012949465030263318, 0.0, 0.0, 0.0, 0.0, 0.0, 0.0, 0.0, 0.0, 0.0, 0.0, 0.0, 0.0, 0.03982116058447681, 0.02329620803958556, 0.0, 0.0, 0.0
0.0, 0.0, 0.0, 0.0, 0.0, 0.0037116815178776913, 0.0, 0.0, 0.0, 0.0, 0.0, 0.0, 0.0, 0.0, 0.007073557982873642, 0.023559615037900838, 0.0, 0.009548464972041624, 0.0, 0.0, 0.023902034232945783, 0.0, 0.03800805348252154, 0.017545785442949297, 0.0, 0.0, 0.0, 0.0, 0.0, 0.0, 0.0, 0.003133638289016924, 0.0, 0.0, 0.0, 0.0, 0.0, 0.0, 0.0, 0.0, 0.0, 0.0, 0.0, 0.0, 0.0, 0.0, 0.0, 0.0, 0.0, 0.0, 0.0, 0.0, 0.0, 0.0, 0.0, 0.0, 0.0, 0.0, 0.03297820159085603, 0.0, 0.0, 0.0, 0.0, 0.0, 0.0, 0.0, 0.0, 0.0, 0.0, 0.0, 0.0, 0.0, 0.0, 0.0, 0.0, 0.0, 0.0, 0.0, 0.0, 0.0, 0.0, 0.0, 0.0, 0.0, 0.0, 0.0, 0.0, 0.0441377650901935, 0.0, 0.0, 0.0, 0.0, 0.0, 0.0, 0.0, 0.0, 0.0, 0.0, 0.0, 0.0, 0.0, 0.0, 0.0, 0.0, 0.0, 0.0, 0.0, 0.0027751608706262526, 0.0, 0.0, 0.0, 0.0, 0.0, 0.0, 0.0, 0.0, 0.0, 0.0, 0.0
5.0136030484587845E-5, 2.0160267379995886E-4, 0.004630555277258663, 5.379215893384575E-5, 0.0, 0.0029027031442603987, 0.0, 0.02231655173278085, 0.0, 0.0, 0.0, 0.0, 0.0, 0.007073557982873642, 0.0, 0.004044443395397098, 0.0, 2.9169266808919313E-5, 0.009214134433383888, 0.015180029374488615, 0.006776021791108628, 0.0, 0.002243322277975849, 0.0, 7.923280883766029E-5, 4.157401974235731E-5, 0.03063291410749412, 0.0, 4.462827869763596E-5, 7.089997735275956E-5, 6.90473427235658E-5, 0.0024506471448836028, 0.0, 0.0, 0.0, 4.581447370128241E-5, 5.376828658450288E-5, 0.0, 5.2688454516927006E-5, 9.428289176970481E-4, 7.356106853955327E-5, 0.010425816766808555, 0.0, 5.284776155308558E-5, 6.177654485341309E-5, 9.123806847444354E-4, 4.255831089321538E-5, 0.015292892354442282, 0.008583929370252808, 7.308847854878403E-5, 0.0, 0.012744148396634618, 4.788108859192831E-5, 0.010337414221678142, 0.0, 9.868817544477572E-5, 0.0, 9.86368864658167E-4, 0.0020706364067933692, 0.0, 0.0, 0.0, 4.1208706124112384E-5, 3.548928211340087E-5, 0.0, 8.56464407756552E-4, 8.700624715410608E-4, 7.174810548739548E-5, 0.0, 4.452303790382902E-5, 7.276232866712633E-4, 0.0013860473232061492, 0.0010731485210465123, 7.473441747355065E-5, 3.395942500986389E-5, 0.0, 0.0, 0.0, 0.0, 0.0, 5.2614459316331946E-5, 0.0, 5.381008407727675E-5, 0.0, 0.0, 0.0, 7.9266864598181E-5, 0.0, 7.902339322256598E-5, 0.0, 5.1438364443428016E-5, 0.0, 0.0, 0.0, 0.0, 6.51816612005907E-5, 0.0, 0.0, 0.0, 0.015220889306279128, 0.0, 0.0, 0.0016804229464117985, 0.0, 3.1971231106853194E-5, 0.0, 0.0, 0.0021703015590629924, 0.0, 0.0, 9.916362275473755E-5, 0.0, 0.0, 0.0, 4.269728974240413E-5, 5.620230782888923E-5, 0.0, 0.0, 4.828715205145981E-5
0.0, 0.0, 0.004459988759310141, 3.709903736308454E-4, 0.014648040685396395, 0.0, 0.0, 0.0, 0.017725542202514828, 0.020277214442724015, 0.0, 0.0, 3.233887110576357E-4, 0.023559615037900838, 0.004044443395397098, 0.0, 0.010132215430478797, 0.0, 0.02035504642413421, 0.008281353816824237, 0.018128963909699702, 0.01794972574651485, 0.0, 0.006653971539880936, 0.0, 0.0, 0.0, 0.0, 0.0, 0.0, 0.0, 0.02911542099100382, 0.0, 0.0, 0.0, 0.0, 0.0, 0.0, 3.6337841452516493E-4, 3.244517998120348E-4, 0.0, 4.41017745598206E-4, 0.0, 0.0, 0.034936639850577864, 0.0, 0.0, 0.0, 0.0, 0.0, 0.018023130586253575, 0.0, 0.0, 0.0, 0.0, 0.0, 0.0, 0.012861405090126274, 5.709923319512084E-4, 0.0, 0.0, 3.0890287382966727E-4, 0.0, 0.0, 0.0, 3.102100623845428E-4, 0.0, 0.0, 6.831969507075186E-4, 0.0, 0.00926457725153842, 4.769747089825565E-4, 0.0, 0.0, 2.3420922347050646E-4, 0.0, 0.0, 0.0, 0.0, 0.0, 0.0, 0.0, 0.0, 0.0, 0.01391778001278442, 0.0, 0.0, 0.0, 0.0, 0.0, 0.0, 0.0, 0.0, 0.0, 0.0, 0.0, 0.0, 0.0, 0.0, 0.0, 0.0, 0.0, 0.020817970906808633, 0.0, 0.0, 0.0, 0.0, 0.0, 0.0, 0.0, 0.0, 0.0, 0.0, 0.0, 0.0, 0.0, 0.0, 0.0, 0.0
0.0, 0.01085895906326669, 0.010978406553403913, 9.132048013835401E-4, 0.0, 0.0, 0.0, 0.0, 0.0012566014652499256, 0.0, 0.0, 0.0, 7.960317696677652E-4, 0.0, 0.0, 0.010132215430478797, 0.0, 0.0, 6.11031768204859E-4, 0.020384820213704385, 4.1126428476366E-4, 8.181552198160236E-4, 4.198744797162576E-4, 0.0, 3.48649671727974E-4, 0.05081638019311, 0.0, 0.0, 0.0, 0.0, 0.014268774264545224, 0.0, 0.001967037694754773, 0.0, 0.0, 0.0, 0.0, 0.0, 0.0013581597828555467, 0.030378036954892586, 6.473844048826375E-4, 0.0010855794419517013, 0.0, 0.0, 0.001048752057756259, 0.0, 0.0, 0.009127280279524558, 5.878915420003068E-4, 0.025125988711062558, 6.388490700121941E-4, 0.0, 4.21384173158812E-4, 3.553744149457107E-4, 0.0, 0.0, 0.0, 0.0, 0.05869322747375897, 0.0, 0.0, 7.603744129035589E-4, 0.0, 0.005422367333707997, 0.0, 7.63592099801855E-4, 0.0, 0.0, 0.001681711386661238, 0.0, 6.163528781806655E-4, 0.0011740886700602306, 0.0, 0.0, 5.765135771808453E-4, 0.0, 0.0, 0.0, 0.0, 0.0, 0.0, 0.030981782920604894, 0.0, 0.0, 0.03425906555980208, 0.0, 0.0, 0.0, 0.0, 0.0, 0.0, 0.0, 0.0, 0.0, 0.0, 5.736402662899978E-4, 0.0, 0.0, 0.0, 0.0, 0.0010818345873612237, 0.0, 0.0, 0.011491939324630438, 0.005166215555296295, 0.0, 0.0, 8.12414914152399E-4, 0.016542059011150804, 0.0, 0.0, 8.209355108939706E-4, 0.0, 5.272720299658141E-4, 0.0, 4.946162192746366E-4, 0.0, 0.0, 4.2495779105632846E-4
5.049930376843181E-5, 2.030634369404621E-4, 0.018559929776376986, 5.4181923620680326E-5, 0.0, 0.0, 0.012964445360712899, 0.0, 0.0, 0.0, 0.0, 0.0, 0.0, 0.009548464972041624, 2.9169266808919313E-5, 0.0, 0.0, 0.0, 0.0, 0.0, 4.7069787379673925E-5, 0.01636838022876918, 0.027679816249314298, 0.006910511315983643, 0.0015994360099072591, 0.006869272171728363, 0.027426553449790798, 0.0, 4.495164417348426E-5, 7.141370106300256E-5, 6.954764270123555E-5, 9.996015908088015E-4, 0.0, 0.018813560500013853, 0.0, 4.614643405291343E-5, 5.415787829819509E-5, 0.0, 5.307022203437957E-5, 9.496604229782677E-4, 0.0014849432157641007, 0.0, 0.0, 5.3230683369943285E-5, 6.222416242697292E-5, 9.189915696561317E-4, 4.286667789402497E-5, 0.04446863852005005, 0.004878164700739766, 7.361805959772122E-5, 0.010528875725510166, 4.9947429360740925E-5, 4.822802312421364E-5, 0.0, 0.0, 9.940324556947203E-5, 0.0, 0.0, 1.2508732752952327E-4, 0.0, 0.007013947313854412, 0.0, 4.1507294222371755E-5, 3.574642867905415E-5, 0.0, 0.0, 0.0, 7.226797452445459E-5, 0.0, 4.48456408308997E-5, 0.0059988627165736864, 6.966058714182333E-5, 5.393477900419477E-5, 7.527592458907963E-5, 0.00944212775397367, 0.016768281971207284, 0.0, 0.0, 0.0, 0.0, 5.2995690682851756E-5, 0.0, 5.419997864526974E-5, 0.0, 0.0, 0.0, 7.984121270520649E-5, 0.0, 7.959597719618707E-5, 0.0, 5.1811074117215826E-5, 0.0, 0.0, 0.0, 0.0, 0.016873065511212672, 0.0, 0.014048328570991624, 0.0, 0.0, 0.0011788246579239245, 0.0, 8.445544905556459E-5, 0.0, 3.220288674453458E-5, 0.0, 0.0, 0.0, 0.0, 0.0, 9.988213785311676E-5, 0.0, 0.0, 0.0, 4.300666374960098E-5, 5.660953585885634E-5, 0.0, 0.0, 4.86370288191987E-5
0.0, 0.0, 0.0018662764517650187, 4.7542383428067335E-4, 0.0, 0.0, 0.0, 0.0, 0.00985100846930572, 0.0, 0.0, 0.0, 4.144223459746475E-4, 0.0, 0.009214134433383888, 0.02035504642413421, 6.11031768204859E-4, 0.0, 0.0, 0.01886675121859218, 0.005352710664376994, 2.805189951287086E-4, 0.0, 0.0, 0.0, 0.0, 0.0, 0.0, 0.0, 0.0, 0.0, 0.0, 0.0, 0.0, 0.0, 0.0, 0.0, 0.0, 4.65669115447965E-4, 4.157846932691355E-4, 0.0, 5.65163849255966E-4, 0.0, 0.0, 5.459911333720828E-4, 0.0, 0.0, 0.0, 0.004608720202412294, 0.0, 0.0, 0.0, 0.0066068028303520095, 0.0, 0.0, 0.0, 0.0, 0.0, 0.00644367021884818, 0.0, 0.0, 3.958587584338578E-4, 0.0, 0.0, 0.0, 3.9753391940583797E-4, 0.0, 0.0, 8.755162854910989E-4, 0.0, 0.004479480090842721, 6.112426658947177E-4, 0.0, 0.0, 3.001389118442327E-4, 0.0, 0.0, 0.0, 0.0, 0.0, 0.0060265961347134136, 0.0, 0.0, 0.0, 0.017835622724100626, 0.0, 0.0, 0.0, 0.0, 0.0, 0.0, 0.0, 0.0, 0.0, 0.0, 0.0, 0.0, 0.0, 0.0, 0.0, 0.0, 0.0, 0.02117378846063215, 0.0, 0.0, 0.0, 0.0, 0.0, 0.0, 0.0, 0.0, 0.0, 0.0, 0.04289113354821858, 0.0, 0.0, 0.0, 0.0, 0.0
0.0, 0.0, 0.026155777877428447, 0.0, 0.0, 0.0, 0.0, 0.0, 0.0, 0.0, 0.0, 0.0, 0.0, 0.0, 0.015180029374488615, 0.008281353816824237, 0.020384820213704385, 0.0, 0.01886675121859218, 0.0, 0.00881844146141252, 0.0, 0.0, 0.0, 0.0, 0.0, 0.0, 0.0, 0.0, 0.0, 0.0, 0.0, 0.0, 0.0, 0.0, 0.0, 0.0, 0.0, 0.0, 0.0, 0.0, 0.0, 0.0, 0.0, 0.01165758683848736, 0.0, 0.0, 0.0, 0.0, 0.013792213332699785, 0.0, 0.0, 0.0, 0.02116676544866865, 0.0, 0.0, 0.0, 0.0, 0.0, 0.0, 0.0, 0.052825466959937055, 0.0, 0.0, 0.0, 0.0, 0.0, 0.0, 0.0, 0.0, 0.0, 0.0, 0.0, 0.0, 0.0, 0.0, 0.0, 0.0, 0.0, 0.0, 0.0, 0.0, 0.0, 0.0, 0.0, 0.0, 0.0, 0.0, 0.0, 0.0, 0.0, 0.0, 0.0, 0.0, 0.0, 0.0, 0.0, 0.0, 0.0, 0.0, 0.0, 0.0, 0.0, 0.0, 0.0, 0.007520858030836647, 0.0, 0.0, 0.0, 0.0, 0.0, 0.0, 0.0, 0.0, 0.0, 0.0, 0.0, 0.0, 0.0
8.090338061732829E-5, 7.250769686585E-4, 5.153256910555178E-5, 8.680319256209489E-5, 0.0, 0.0, 0.0, 0.0, 8.493809935424024E-4, 0.0, 0.0, 0.0, 0.0, 0.023902034232945783, 0.006776021791108628, 0.018128963909699702, 4.1126428476366E-4, 4.7069787379673925E-5, 0.005352710664376994, 0.00881844146141252, 0.0, 1.8880760362618334E-4, 2.8380788388907637E-4, 0.0, 3.635207336585835E-4, 6.708705716225799E-5, 0.0, 0.0, 7.201564589125105E-5, 1.1440969295113145E-4, 0.02164099975231852, 0.0, 0.001329589752765303, 0.0, 0.0, 7.39297819913534E-5, 8.676467029085705E-5, 0.0, 3.9844789589295787E-4, 6.356147440386441E-4, 5.562936557534872E-4, 0.0, 0.0, 8.527923982768097E-5, 0.009286879663398761, 1.3994254665433253E-4, 6.867538557291305E-5, 0.0, 4.512741461933491E-4, 0.01098740479374605, 4.3182048789245535E-4, 8.001923961088755E-5, 3.6209297041326185E-4, 2.4021002839281512E-4, 0.0, 1.5925088091871893E-4, 0.0, 0.0, 4.4664830670275804E-4, 0.0, 0.0, 0.0, 6.649755882312147E-5, 5.726825340787278E-5, 0.0, 0.0, 0.04247100512587945, 1.1577829817626604E-4, 0.0, 7.184582119800075E-5, 0.005457910635331154, 1.1160108308432843E-4, 8.640724977708656E-5, 1.2059724241502608E-4, 5.479955753503889E-5, 0.0, 0.0, 0.0, 0.0, 0.0, 0.00790954161300215, 0.0, 8.683211796140556E-5, 0.0, 0.0, 0.0, 1.2791115002413778E-4, 0.0, 1.2751826576145448E-4, 0.0, 8.300492752769463E-5, 0.0, 0.0, 0.0, 0.0, 4.929257461487934E-4, 0.0, 0.0, 0.0, 0.0, 7.312499325143259E-4, 0.0, 0.0126048718328323, 0.0, 2.4177725234928972E-4, 0.005927090190524866, 0.0, 5.491397280952446E-4, 0.0, 0.0, 1.6001809951001028E-4, 5.548990982106463E-4, 0.0, 3.564016540362768E-4, 6.889965260452681E-5, 4.250208419295141E-4, 0.0, 0.0, 3.651637594985131E-4
0.0, 2.7151118263022306E-4, 0.0, 4.192438209611005E-4, 0.0, 0.0, 0.0, 0.0, 5.768940317862327E-4, 0.0, 0.0, 0.0, 3.654507731631773E-4, 0.0, 0.0, 0.01794972574651485, 8.181552198160236E-4, 0.01636838022876918, 2.805189951287086E-4, 0.0, 1.8880760362618334E-4, 0.0, 1.92760463954642E-4, 0.0, 1.6006181782073116E-4, 0.0, 0.01492162172440538, 0.0, 0.0, 0.0, 9.299046152012644E-5, 0.0, 9.03048689487946E-4, 0.0, 0.0, 0.0, 0.0, 0.0, 6.235185097334082E-4, 7.467970670016896E-4, 2.972081521280064E-4, 4.983794133704975E-4, 0.0, 0.0, 4.814723042064765E-4, 0.0, 0.0, 0.0, 0.009641268197666999, 0.0, 0.02066062711535239, 0.0, 1.934535501565296E-4, 1.6314908481419727E-4, 0.0, 0.0, 0.0, 0.0, 0.026945514208157415, 0.0, 0.0, 3.4908081269806535E-4, 0.0, 0.0, 0.0, 3.5055802279141394E-4, 0.0, 0.0, 0.06330875913838489, 0.0, 2.829618671708086E-4, 5.390131758368349E-4, 0.0, 0.0, 2.6467201504751784E-4, 0.0, 0.0, 0.0, 0.0, 0.0, 0.0, 0.0, 0.0, 0.0, 0.0157280179934314, 0.0, 0.0, 0.0, 0.0, 0.0, 0.0324728095569032, 0.0, 0.0, 0.0, 0.0, 2.633529047725138E-4, 0.0, 0.0, 0.0, 0.0, 4.966601854984178E-4, 0.0, 0.0, 0.0, 1.2917308988539305E-4, 0.0, 0.0, 3.729721222435693E-4, 0.0, 0.04476272394541898, 0.0, 3.768838488676444E-4, 0.0, 2.420656792363292E-4, 0.0, 2.2707370062429214E-4, 0.0, 0.0, 1.950941648573502E-4
0.0, 4.081245284330175E-4, 0.0, 0.0, 0.0, 0.004782090929061109, 0.0, 0.0, 8.671635635694443E-4, 0.0, 0.0, 0.0, 0.0, 0.03800805348252154, 0.002243322277975849, 0.0, 4.198744797162576E-4, 0.027679816249314298, 0.0, 0.0, 2.8380788388907637E-4, 1.92760463954642E-4, 0.0, 0.0, 2.4059839187981144E-4, 0.0, 0.0, 0.0, 0.0, 0.0, 1.397794664993872E-4, 0.004037346190584505, 0.001357425933543471, 0.0, 0.0, 0.0, 0.0, 0.0, 3.1998758123995253E-4, 5.714183479305837E-4, 4.467511642011792E-4, 0.0, 0.0, 0.0, 0.0, 0.0, 0.0, 0.0, 4.056959494726738E-4, 0.0, 4.408610458086782E-4, 0.0, 2.907914810965806E-4, 2.452390456225016E-4, 0.0, 0.0, 0.0, 0.0, 0.003458104354642214, 0.0, 0.0, 0.0, 0.0, 0.0, 0.0, 0.0, 0.0, 0.0, 0.0, 0.0, 0.0, 0.0, 0.0, 0.0, 0.0, 0.0, 0.0, 0.0, 0.0, 0.0, 0.0, 0.0, 0.0, 0.0, 0.0, 0.0, 0.0, 0.0, 0.0, 0.0, 0.0, 0.0, 0.0, 0.0, 0.0, 3.958613381244335E-4, 0.0, 0.0, 0.0, 0.0, 7.465593204463228E-4, 0.0, 0.0, 0.0, 1.9416771672167393E-4, 0.0, 0.0, 0.004136124175292621, 0.0, 0.0, 0.0, 5.665164197034666E-4, 0.0, 3.638632495026666E-4, 0.0, 3.4132791912679566E-4, 0.0, 0.0, 2.9325758615577653E-4
0.0, 0.0, 0.0, 0.0, 0.0, 0.0, 0.0, 0.0, 0.0, 0.0, 0.0, 0.0, 0.0, 0.017545785442949297, 0.0, 0.006653971539880936, 0.0, 0.006910511315983643, 0.0, 0.0, 0.0, 0.0, 0.0, 0.0, 0.0, 0.0, 0.0, 0.0, 0.0, 0.0, 0.0, 0.0, 0.0, 0.0, 0.0, 0.0, 0.0, 0.0, 0.0, 0.0, 0.0, 0.0, 0.0, 0.0, 0.0, 0.0, 0.0, 0.0, 0.0, 0.0, 0.0, 0.0, 0.0, 0.0, 0.0, 0.0, 0.0, 0.0, 0.0, 0.0, 0.0, 0.0, 0.0, 0.0, 0.0, 0.0, 0.0, 0.0, 0.0, 0.0, 0.0, 0.0, 0.0, 0.0, 0.0, 0.0, 0.0, 0.0, 0.0, 0.0, 0.028046088455403424, 0.0, 0.0, 0.0, 0.0, 0.0, 0.0, 0.0, 0.0, 0.0, 0.0, 0.0, 0.0, 0.0, 0.0, 0.0, 0.0, 0.0, 0.0, 0.0, 0.0, 0.0, 0.0, 0.0, 0.0, 0.002360516412061289, 0.0, 0.0027337472921280773, 0.0028499681405369103, 0.0, 0.0, 0.005524837594247272, 0.0, 0.0, 0.0, 0.0033287319731085518, 0.0, 0.0, 0.0
1.3717182910801229E-4, 8.9047641358676E-4, 8.737356472505116E-5, 1.4717497100000384E-4, 0.0, 0.0, 0.0, 0.0, 7.200635103549504E-4, 0.0, 0.0, 0.0, 0.0, 0.0, 7.923280883766029E-5, 0.0, 3.48649671727974E-4, 0.0015994360099072591, 0.0, 0.0, 3.635207336585835E-4, 1.6006181782073116E-4, 2.4059839187981144E-4, 0.0, 0.0, 0.002279624808128153, 0.041905719483768436, 0.0, 1.221026587012853E-4, 1.9398184266272044E-4, 3.0498122349897764E-4, 0.0027152290894797843, 0.0011271609230567982, 0.0, 0.0, 1.2534807994337961E-4, 1.471096564189966E-4, 0.0, 4.0986218811118905E-4, 0.0030540599435122037, 0.004404535194450569, 0.0, 0.05600791621389256, 1.445911063646991E-4, 1.6902019508945374E-4, 0.036663556512365886, 1.1643924125114727E-4, 0.003112158840330933, 0.012125353458943984, 1.9996956664410011E-4, 3.66076211640008E-4, 1.3567276642215836E-4, 3.724658071556967E-4, 0.014345184811971213, 0.0, 2.7001015848779147E-4, 0.0, 0.0, 5.485345687136226E-4, 0.026256211406939275, 0.0, 0.0, 1.1274673203249932E-4, 9.709842790050874E-5, 0.0, 0.0, 0.0, 1.9630231531325744E-4, 0.0, 1.2181472062474142E-4, 0.0019907722284667677, 1.892198395209424E-4, 1.4650364928727334E-4, 2.044728440421725E-4, 0.0018620943609015527, 0.0, 0.0, 0.0, 0.0, 0.0, 1.4395279307501165E-4, 0.0, 1.4722401406718904E-4, 0.0, 0.0, 0.0, 2.1687358770719036E-4, 0.0, 2.1620745172462943E-4, 0.0, 1.407350057200598E-4, 0.0, 0.0, 0.0, 0.0, 5.070465347548488E-4, 0.0, 0.0, 0.0, 0.0, 0.003821972526475788, 0.0, 2.2940729001361636E-4, 0.026340654216040375, 2.487034182005388E-4, 0.0, 0.0, 4.655337043021379E-4, 0.0, 0.0, 2.7131097900592155E-4, 4.7041621555946386E-4, 0.0, 3.0213982659462536E-4, 1.1681948641148975E-4, 4.3719636635473387E-4, 0.0, 0.0, 3.756245647917194E-4
7.197503679462093E-5, 2.89419798982821E-4, 4.58455324016338E-5, 7.722375666968347E-5, 0.0, 0.0, 0.0, 0.0, 0.0, 0.0, 0.0, 0.0, 0.0, 0.0, 4.157401974235731E-5, 0.0, 0.05081638019311, 0.006869272171728363, 0.0, 0.0, 6.708705716225799E-5, 0.0, 0.0, 0.0, 0.002279624808128153, 0.0, 0.003589915070858865, 0.0, 0.003076578023505662, 1.0178365597315019E-4, 0.03604810298904855, 0.0014247000633581075, 0.0, 0.0, 0.0, 6.577103130232194E-5, 0.04206826967561125, 0.0, 7.563928408080287E-5, 0.0013535205198013898, 0.002116441903489294, 0.0, 0.0, 7.586798447208495E-5, 8.868610151008668E-5, 0.0013098091875336873, 6.109650011876635E-5, 0.0016329719338155266, 4.794959706511761E-5, 1.0492545743980908E-4, 0.0, 7.118846791474677E-5, 6.873785339327859E-5, 0.0, 0.0, 1.4167625538314755E-4, 0.0, 0.0, 1.7828295302372681E-4, 0.0, 0.009996753981107033, 0.0, 5.915901420343753E-5, 0.007387494430242742, 0.0, 0.0, 0.0, 1.0300122451830533E-4, 0.0, 6.391705247429781E-5, 0.0085499864855796, 9.92849989706567E-5, 7.687150938036026E-5, 1.0728835919981568E-4, 9.770541882576456E-4, 0.02389929408521233, 0.0, 0.0, 0.0, 0.0, 7.553305693768885E-5, 0.0, 7.724948991672209E-5, 0.0, 0.0, 0.0, 1.1379511782054904E-4, 0.0, 1.1344559152082105E-4, 0.0, 0.010707475840519504, 0.0, 0.0, 0.0, 0.0, 9.357446965589379E-5, 0.0, 0.0, 0.0, 0.0, 0.0016801409484286777, 0.0, 0.02311381159548014, 0.02062591967461671, 0.0022040282502084393, 0.0, 0.0, 0.0031156741580688433, 0.0, 0.0, 1.4235880518411205E-4, 0.0, 0.0, 0.0, 0.035367802077662464, 8.068375447414858E-5, 0.0, 0.0, 6.932079608256298E-5
0.0, 0.0, 0.0, 0.0, 0.0, 0.0, 0.0, 0.0, 0.0, 0.0, 0.0, 0.0, 0.0, 0.0, 0.03063291410749412, 0.0, 0.0, 0.027426553449790798, 0.0, 0.0, 0.0, 0.01492162172440538, 0.0, 0.0, 0.041905719483768436, 0.003589915070858865, 0.0, 0.0, 0.003853650218958806, 0.0, 0.0, 0.0, 0.0, 0.0, 0.0, 0.04846195689354083, 0.0, 0.0, 0.013933291192184593, 0.012440698797469143, 0.0, 0.0, 0.0, 0.0, 0.0, 0.0, 0.0, 0.0, 0.0, 0.0, 0.0, 0.0, 0.0, 0.0, 0.0, 0.0, 0.0, 0.0, 0.0, 0.0, 0.0, 0.0, 0.0, 0.037540102963448445, 0.0, 0.0, 0.0, 0.0, 0.0, 0.0, 0.0, 0.0, 0.0, 0.0, 0.0, 0.0, 0.0, 0.0, 0.0, 0.0, 0.0, 0.0, 0.01422990249759106, 0.0, 0.0, 0.0, 0.0, 0.0, 0.0, 0.0, 0.0, 0.0, 0.0, 0.0, 0.0, 0.0, 0.0, 0.0, 0.0, 0.0, 0.0, 0.0, 0.007240263748510933, 0.006494769760161717, 0.0027607146264826436, 0.0, 0.0, 0.003985619582459682, 0.0, 0.0, 0.10489399578572303, 0.0, 0.0, 0.0, 0.0, 0.0, 0.0, 0.0, 0.0
0.0, 0.0, 0.0, 0.0, 0.0, 0.0, 0.0, 0.0, 0.0, 0.0, 0.0, 0.0, 0.0, 0.0, 0.0, 0.0, 0.0, 0.0, 0.0, 0.0, 0.0, 0.0, 0.0, 0.0, 0.0, 0.0, 0.0, 0.0, 0.03695960705079917, 0.0, 0.0, 0.0, 0.0, 0.0, 0.0, 0.0, 0.0, 0.0, 0.0, 0.0, 0.0, 0.0, 0.0, 0.0, 0.0, 0.0, 0.0, 0.0, 0.0, 0.0, 0.0, 0.0, 0.0, 0.0, 0.0, 0.0, 0.0, 0.0, 0.0, 0.0, 0.0, 0.0, 0.0, 0.0, 0.0, 0.0, 0.0, 0.0, 0.0, 0.0, 0.0, 0.0, 0.0, 0.0, 0.0, 0.0, 0.0, 0.0, 0.0, 0.0, 0.0, 0.0, 0.0, 0.0, 0.0, 0.0, 0.0, 0.0, 0.0, 0.0, 0.0, 0.0, 0.0, 0.0, 0.0, 0.0, 0.0, 0.0, 0.0, 0.0, 0.0, 0.0, 0.0, 0.0, 0.0, 0.0, 0.0, 0.0, 0.0, 0.0, 0.0, 0.0, 0.0, 0.0, 0.0, 0.0, 0.0, 0.0, 0.0
7.7262723721428E-5, 3.106821887723176E-4, 4.9213600458679175E-5, 8.289704378096887E-5, 0.0, 0.0, 0.0, 0.0, 0.0, 0.0, 0.0, 0.0, 0.0, 0.0, 4.462827869763596E-5, 0.0, 0.0, 4.495164417348426E-5, 0.0, 0.0, 7.201564589125105E-5, 0.0, 0.0, 0.0, 1.221026587012853E-4, 0.003076578023505662, 0.003853650218958806, 0.03695960705079917, 0.0, 1.0926125002548246E-4, 1.0640622548268086E-4, 0.0, 0.0, 0.0, 0.0, 7.060293744461789E-5, 8.286025501420707E-5, 0.0, 8.119616701409506E-5, 0.006753922455433487, 1.1336215612386163E-4, 0.0, 0.0, 8.144166900941923E-5, 9.520147629040795E-5, 0.00629201242884465, 6.558498917468039E-5, 0.0, 5.1472241426806035E-5, 1.1263386571998649E-4, 0.0, 7.641836911238482E-5, 7.378771880427595E-5, 0.0, 0.0, 1.5208458189176888E-4, 0.0, 0.0, 1.913806113502672E-4, 0.0, 0.0, 0.0, 6.350516475698179E-5, 5.469117862935751E-5, 0.0, 0.0, 0.0, 1.105682679348259E-4, 0.0, 6.86127550097864E-5, 5.595002506519863E-5, 1.0657902776821376E-4, 8.25189184446212E-5, 1.151703593988325E-4, 5.233357421629618E-5, 0.0, 0.0, 0.0, 0.0, 0.0, 8.108213583362406E-5, 0.0, 8.292466753560582E-5, 0.0, 0.0, 0.0, 1.2215514073448183E-4, 0.0, 1.2177993628677428E-4, 0.0, 7.926970089697111E-5, 0.0, 0.0, 0.015613478210460451, 0.0, 1.0044897117638974E-4, 0.0, 0.0, 0.0, 0.0, 0.0, 0.0, 0.006204947998316922, 0.005450145124809976, 0.0023659484364835165, 0.0, 0.0, 0.003344568928360123, 0.006834045428237969, 0.0, 1.5281727560123533E-4, 0.0, 0.0, 0.0, 6.579916417665412E-5, 8.66112322878251E-5, 0.0, 0.0, 7.441348770907174E-5
1.227456115700904E-4, 4.935740474577146E-4, 7.818457847340059E-5, 1.3169673351064615E-4, 0.0, 0.0, 0.0, 0.0, 0.0, 0.0, 0.0, 0.0, 0.0, 0.0, 7.089997735275956E-5, 0.0, 0.0, 7.141370106300256E-5, 0.0, 0.0, 1.1440969295113145E-4, 0.0, 0.0, 0.0, 1.9398184266272044E-4, 1.0178365597315019E-4, 0.0, 0.0, 1.0926125002548246E-4, 0.0, 0.032625735184845156, 0.0, 0.0, 0.0, 0.0, 1.1216535371611524E-4, 1.316382879956865E-4, 0.0, 1.2899458752226468E-4, 1.1517614809976949E-4, 1.8009599600057028E-4, 0.0, 0.0, 1.2938461121164937E-4, 1.512445182721499E-4, 2.1231910635490585E-4, 1.0419344825441671E-4, 0.0, 8.17728323375742E-5, 1.7893897684930927E-4, 0.0, 1.2140420373618192E-4, 1.172249467110207E-4, 0.0, 0.0, 2.4161347303770203E-4, 0.0, 0.0, 3.040422218034143E-4, 0.0, 0.0, 0.0, 1.0088927636126328E-4, 8.688668797845834E-5, 0.0, 0.0, 0.0, 1.7565740649836596E-4, 0.0, 1.0900359409474566E-4, 8.888658997773633E-5, 1.6931978726407313E-4, 1.3109601399902907E-4, 1.8296864928198426E-4, 8.31412130381114E-5, 0.0, 0.0, 0.0, 0.0, 0.0, 1.2881342866181034E-4, 0.0, 1.3174061876984307E-4, 0.0, 0.0, 0.0, 1.9406521972931696E-4, 0.0, 1.9346914057006117E-4, 0.0, 1.2593405263136418E-4, 0.0, 0.0, 0.0, 0.0, 1.5958109945861043E-4, 0.0, 0.0, 0.0, 0.0, 0.0, 0.0, 2.0528076569705566E-4, 0.0, 7.827361434339637E-5, 0.0, 0.0, 0.06508968943896229, 0.0, 0.0, 2.42777487624947E-4, 0.0, 0.0, 0.0, 1.0453370342966884E-4, 1.375973841452837E-4, 0.0, 0.0, 1.182190921827445E-4
1.1953823719470967E-4, 6.775620606271705E-4, 7.61415953448157E-5, 1.2825546401856177E-4, 0.0, 0.0, 0.02301636105321216, 0.0, 4.1833236098007547E-4, 0.0, 0.0, 0.0, 0.0, 0.0, 6.90473427235658E-5, 0.0, 0.014268774264545224, 6.954764270123555E-5, 0.0, 0.0, 0.02164099975231852, 9.299046152012644E-5, 1.397794664993872E-4, 0.0, 3.0498122349897764E-4, 0.03604810298904855, 0.0, 0.0, 1.0640622548268086E-4, 0.032625735184845156, 0.0, 0.0, 6.548420845744498E-4, 0.0, 0.0, 1.092344441975362E-4, 1.2819854569992825E-4, 0.0, 2.799906058214703E-4, 3.878271177378408E-4, 3.909093241413505E-4, 0.0, 0.014461640296011175, 1.2600375806944253E-4, 1.4729246014055718E-4, 2.0677115354082417E-4, 1.0147084667429467E-4, 0.0, 2.7534973514889216E-4, 1.7426325539774765E-4, 2.1267780371000367E-4, 1.1823188069223683E-4, 2.5444388386716726E-4, 1.1830689534217936E-4, 0.0, 2.3530005089368217E-4, 0.0, 0.0, 4.1737906477028387E-4, 0.0, 0.0, 0.0, 9.825301364186622E-5, 8.46163164921044E-5, 0.0, 0.0, 0.020917581135654506, 1.7106743332342291E-4, 0.0, 1.061553021676306E-4, 0.01670684438386791, 1.6489541770846097E-4, 1.276704414621654E-4, 1.7818763145414966E-4, 8.096871177451846E-5, 0.0, 0.0, 0.0, 0.0, 0.0, 1.2544750066642205E-4, 0.0, 1.2829820254465756E-4, 0.0, 0.0, 0.0, 1.8899424566392632E-4, 0.0, 1.8841374220629145E-4, 0.0, 1.2264336347163774E-4, 0.0, 0.0, 0.0, 0.0, 3.4638049218429877E-4, 0.0, 0.0, 0.0, 0.0, 3.6015111364740883E-4, 0.0, 1.9991672653318457E-4, 0.0, 1.6989764548114053E-4, 0.0, 0.019320531047915458, 2.704592176050055E-4, 0.0, 0.0, 2.3643364948061608E-4, 2.732957902578568E-4, 0.0, 1.7553294284157621E-4, 1.0180221089437346E-4, 2.9866349965759537E-4, 0.0, 0.0, 2.5660173714031E-4
0.0, 0.0, 0.0, 0.0, 0.0, 0.005224045424472689, 0.0, 0.0, 0.004625515961670357, 0.0, 0.0, 0.0, 0.0, 0.003133638289016924, 0.0024506471448836028, 0.02911542099100382, 0.0, 9.996015908088015E-4, 0.0, 0.0, 0.0, 0.0, 0.004037346190584505, 0.0, 0.0027152290894797843, 0.0014247000633581075, 0.0, 0.0, 0.0, 0.0, 0.0, 0.0, 0.0, 0.0, 0.0, 0.0, 0.0, 0.0, 0.0, 0.001612159279662449, 0.012052882070150497, 0.0, 0.0, 0.0, 0.0, 0.0014859509681778677, 0.0, 0.00204715672279057, 0.0021640128445278997, 0.0, 0.004703172250164368, 0.0, 0.0, 0.0, 0.0, 0.0, 0.0, 0.0, 0.003503058019700969, 0.0, 0.0, 0.0, 0.0, 0.0, 0.0, 0.0, 0.0038667317827668366, 0.0, 0.0, 0.0, 0.004316527221404079, 0.005852513198508794, 0.0, 0.0, 0.0011637555199855841, 0.0, 0.0, 0.0, 0.0, 0.23243985562399988, 0.0, 0.002745524885507784, 0.003486346051792522, 0.0, 0.0, 0.0, 0.0, 0.0, 0.0, 0.0, 0.0, 0.0, 0.0, 0.0, 0.0, 0.005515896906706255, 0.0, 0.0, 0.0, 0.0, 0.010070697256940101, 0.0, 0.0, 0.0, 0.0, 0.010328783145737359, 0.0, 0.0158678387175262, 0.0, 0.0, 0.0, 0.024174731060889444, 0.0, 0.0, 0.0, 0.0, 0.0, 0.0, 0.007214741532863498
0.0, 0.0019119912506334622, 0.0, 0.0, 0.0, 0.0, 0.0, 0.0, 0.004062507962407431, 0.0, 0.0, 0.0, 0.0, 0.0, 0.0, 0.0, 0.001967037694754773, 0.0, 0.0, 0.0, 0.001329589752765303, 9.03048689487946E-4, 0.001357425933543471, 0.0, 0.0011271609230567982, 0.0, 0.0, 0.0, 0.0, 0.0, 6.548420845744498E-4, 0.0, 0.0, 0.0, 0.0, 0.0, 0.0, 0.3453069416370981, 0.0014990852375160928, 0.0026769939211679, 0.0020929502091986095, 0.0, 0.0, 0.0, 0.0, 0.0, 0.0, 0.0, 0.001900613787628536, 0.0, 0.0020653560460276365, 0.0, 0.0013623066708343128, 0.0011489015652752657, 0.0, 0.0, 0.0, 0.0, 0.0011777889678469976, 0.0, 0.0, 0.0, 0.0, 0.0, 0.0, 0.0, 0.0, 0.0, 0.0, 0.0, 0.0, 0.0, 0.0, 0.0, 0.0, 0.0, 0.0, 0.0, 0.0, 0.0, 0.0, 0.0, 0.0, 0.0, 0.0, 0.0, 0.0, 0.0, 0.0, 0.0, 0.0, 0.0, 0.0, 0.0, 0.0, 0.0018545403724299634, 0.0, 0.0, 0.0, 0.0, 0.00349749840876448, 0.0, 0.0, 0.0, 9.096414198693456E-4, 0.0, 0.0, 0.002626482738396493, 0.0, 0.0, 0.0, 0.002654029254188764, 0.0, 0.0017046349851779117, 0.0, 0.0015990609470914667, 0.0, 0.0, 0.0013738599369769514
0.0, 0.0, 0.0, 0.0, 0.0, 0.0, 0.03242828737208143, 0.0, 0.0, 0.0, 0.0, 0.0, 0.0, 0.0, 0.0, 0.0, 0.0, 0.018813560500013853, 0.0, 0.0, 0.0, 0.0, 0.0, 0.0, 0.0, 0.0, 0.0, 0.0, 0.0, 0.0, 0.0, 0.0, 0.0, 0.0, 0.0, 0.0, 0.0, 0.0, 0.0, 0.0, 0.0, 0.0, 0.0, 0.0, 0.0, 0.0, 0.0, 0.0, 0.0, 0.0, 0.0, 0.0, 0.0, 0.0, 0.0, 0.0, 0.0, 0.0, 0.0, 0.0, 0.0, 0.0, 0.0, 0.0, 0.0, 0.0, 0.0, 0.0, 0.0, 0.0, 0.0, 0.0, 0.0, 0.0, 0.04928200038748125, 0.0, 0.0, 0.0, 0.0, 0.0, 0.0, 0.0, 0.0, 0.0, 0.0, 0.0, 0.0, 0.0, 0.0, 0.0, 0.0, 0.0, 0.0, 0.0, 0.0, 0.0, 0.0, 0.0, 0.0, 0.0, 0.0, 0.0, 0.0, 0.0, 0.0, 0.0, 0.0, 0.0, 0.0, 0.0, 0.0, 0.0, 0.0, 0.0, 0.0, 0.0, 0.0, 0.0, 0.0
0.0, 0.0, 0.0, 0.0, 0.0, 0.0, 0.0, 0.0, 0.0, 0.0, 0.0, 0.0, 0.0, 0.0, 0.0, 0.0, 0.0, 0.0, 0.0, 0.0, 0.0, 0.0, 0.0, 0.0, 0.0, 0.0, 0.0, 0.0, 0.0, 0.0, 0.0, 0.0, 0.0, 0.0, 0.0, 0.0, 0.0, 0.0, 0.0, 0.0, 0.0, 0.0, 0.0, 0.0, 0.0, 0.0, 0.0, 0.0, 0.0, 0.0, 0.0, 0.0, 0.0, 0.0, 0.0, 0.0, 0.0, 0.0, 0.0, 0.0, 0.0, 0.0, 0.0, 0.0, 0.0, 0.0, 0.0, 0.0, 0.0, 0.0, 0.0, 0.0, 0.0, 0.0, 0.0, 0.0, 0.0, 0.0, 0.0, 0.0, 0.0, 0.0, 0.0, 0.0, 0.0, 0.0, 0.0, 0.0, 0.0, 0.0, 0.0, 0.0, 0.0, 0.0, 0.0, 0.0, 0.0, 0.0, 0.0, 0.0, 0.0, 0.0, 0.0, 0.0, 0.0, 0.0, 0.0, 0.0, 0.0, 0.0, 0.0, 0.0, 0.0, 0.0, 0.0, 0.0, 0.0, 0.0, 0.0
