0.0, 0.028126302711976137, 0.020655416412312003, 0.02491052616627959, 0.017798076362269905, 0.05899458438956537, 0.0027960912538260423, 1.6875598910454738E-4, 0.009855026696804972, 0.008949411946446086, 0.1076565542926618, 0.013359559573881685, 0.10412946536972514, 0.0, 0.003471470675557828, 0.015666265988225146, 0.0030228671358774974, 0.045449299933723666, 0.0, 0.0018138065437709437, 0.0, 3.0818690424490005E-4, 2.268465675426299E-4, 2.822684581715452E-4, 0.031708750279779534, 1.6463390285670554E-4, 2.1466845485983068E-4, 0.010530873940380154, 0.01054883397047366, 0.005033113301793866, 0.005538603045537028, 0.0, 0.0, 3.265315676948744E-4, 0.0, 1.3777098462376236E-4, 0.0, 0.0, 0.004575347588695326, 0.0, 0.0, 0.015370567802709185, 1.5121813513718755E-4, 1.4489224143577335E-4, 0.0, 0.0, 2.205082024010286E-4, 0.0, 0.0, 0.0, 0.0, 0.0, 0.0, 1.7114015873565683E-4, 0.005815168749462067, 2.0844926368939406E-4, 0.01653660054108918, 0.0, 0.0026075922044314303, 0.0, 0.0, 0.0, 0.0, 0.0, 0.01449313057630736, 0.0, 0.0, 3.181582449464185E-4, 0.0, 0.0, 1.4057944274860172E-4, 0.0, 0.0, 6.033652401717482E-4, 2.0489982536350799E-4, 0.0, 0.02077265793631249, 7.453430437818557E-4, 0.0015761735970411185, 1.976430804252943E-4, 0.0015649401360776265, 0.0012205219276978482, 1.0888794762481259E-4, 0.0018185847620717497, 0.0, 0.0018341865209043364, 7.906968730623078E-5, 0.01180101756880973, 3.3254763182723516E-4, 0.01489448889323447, 0.003083497804075028, 0.0050604841963948835, 0.005021186176886831, 0.008978426683932225, 0.0017596347502233049, 0.004267147206625893, 9.683741117383961E-5, 0.009141541512118968, 8.00881498010571E-5, 0.001353452824770567, 0.003925917591328508, 0.05134190679203628, 2.4255624756505288E-4, 9.226926386379124E-5, 0.0, 0.012866293218684937, 0.004668090473920389, 9.899652834802378E-5, 5.561669276940277E-5, 0.002189812098098546, 0.0028952586436409, 1.0622341427432982E-4, 0.00566742461904641, 0.0, 0.006280874058748179, 0.006167570964747726, 0.006169715788695394, 3.0220283860737387E-4
0.028126302711976137, 0.0, 0.06827197893524985, 0.023446832161893735, 0.01373864643626305, 9.085079277828237E-5, 0.002706213836565325, 1.0973835494908764E-4, 0.002968025242853392, 4.405373282211553E-5, 1.0749592222366813E-4, 0.0039789051771502845, 7.303177010825417E-5, 0.0, 0.0, 4.766360024485749E-5, 0.0, 9.593732685282532E-5, 0.0, 0.0, 0.0, 4.777701461663995E-4, 3.516713923900672E-4, 3.74190672074875E-4, 0.020064092441742412, 0.05231783394116201, 0.011233715573183261, 0.1064770299114566, 9.364747643325859E-5, 0.0, 0.0, 2.4260397404503358E-4, 0.0, 2.1233638739531167E-4, 0.0, 8.958947941670612E-5, 0.0, 0.0, 0.0, 0.0, 0.0, 3.746473430083304E-4, 9.833386937244188E-5, 9.422027807378923E-5, 2.0267306894830348E-4, 0.0, 1.4339169538615966E-4, 0.0, 1.501178817862122E-4, 0.0, 2.342049559533762E-4, 0.0, 0.0, 1.112887286847151E-4, 4.234310641291171E-4, 4.166265704198498E-4, 1.311389294770798E-4, 0.0, 0.0, 0.0, 0.0, 0.0, 0.0, 0.0, 2.2707665198982958E-4, 0.0, 0.0, 4.213963983263055E-4, 0.0, 0.0, 9.141575874580501E-5, 1.3621303597424706E-4, 0.0, 0.0, 4.095323246045506E-4, 0.0, 5.686386662566593E-4, 4.342953488974808E-5, 1.3211892465691993E-4, 0.0032166369162367225, 5.3384738921435984E-5, 7.111718568365694E-5, 3.65479825232225E-4, 0.0, 0.0, 0.0035039805735073218, 5.141730054954659E-5, 0.003602849476224878, 5.155356326858503E-4, 0.008592438054663289, 0.0011971301679322823, 1.4109932319366E-4, 0.024571316692554798, 5.852420097544832E-5, 0.0, 0.0, 6.297126553038704E-5, 0.013408036415529151, 5.207958459263523E-5, 4.617028091180142E-5, 0.0025529389530061183, 0.004816017740167917, 1.5772906035306627E-4, 6.0000698538188374E-5, 0.0, 1.5470448395566317E-4, 0.001354185992000582, 6.437529254059588E-5, 3.616632751589031E-5, 0.0, 0.0, 6.907477951682534E-5, 1.4627766030257726E-4, 0.0, 0.0, 0.003984075730864683, 1.0734284987478314E-4, 0.016169577451517043
0.020655416412312003, 0.06827197893524985, 0.0, 0.007707306950052281, 0.009550614040110974, 5.810371437985187E-4, 0.008653808679156778, 7.018327344745865E-4, 0.002660112142796776, 0.024450277351216142, 6.87491233799762E-4, 2.4152295990971637E-4, 0.0025689147443759674, 0.0, 0.007218682340707037, 3.0483302679607026E-4, 0.0013760898258106974, 6.13568122782037E-4, 0.007469853729715458, 0.0, 0.006459809453210354, 0.001740916263574998, 0.10328881439106671, 0.0014895402776173138, 0.0029615282876802825, 0.09195466241846001, 0.0012126401193381627, 0.04919626039275574, 5.98923361775296E-4, 0.010466009799895207, 0.0, 7.757880577735192E-4, 0.0, 6.789997328793824E-4, 0.0, 2.864852008595938E-4, 0.0, 0.0, 0.009514117769640739, 0.0, 0.0, 0.0011980303938817197, 3.1444761708495733E-4, 3.012933601663818E-4, 6.480988085265936E-4, 0.0, 4.5853150304879834E-4, 0.0, 4.800401988731742E-4, 0.0, 7.489300561345105E-4, 0.0, 0.0, 3.558740825175971E-4, 0.001354028779350191, 0.0013322696759405133, 4.19350160268345E-4, 0.0, 0.003899187067266757, 0.0, 0.0, 0.0, 0.0, 0.0, 7.261354868828437E-4, 0.0, 0.0, 0.0013475224167170366, 0.0, 0.0, 0.09500568825016145, 4.355759094130918E-4, 0.0, 0.0012546561418164295, 0.0013095840163008354, 0.0, 0.0020720262873834515, 2.7775401993926797E-4, 0.005074685903904408, 5.47663705998192E-4, 3.4142262578864E-4, 4.5483066444411684E-4, 0.001395139848554585, 0.09832214075331502, 0.014525286088851265, 0.015018934780373906, 3.288398542217254E-4, 0.016407901631993408, 0.0018785275191360268, 0.005789348065281395, 0.06472749625842705, 0.020309716303198264, 0.04784318353048643, 0.04928009147223354, 0.0, 0.006380754311936998, 4.027333515343921E-4, 4.375062730174847E-4, 3.330754983698033E-4, 2.952824882314203E-4, 9.314691347872383E-4, 0.0013281192528101502, 6.721168945993166E-4, 3.8373506095456714E-4, 0.0, 9.894140572861356E-4, 0.005638180274240829, 4.1171282016510207E-4, 0.012263637625179265, 0.0, 0.006020489410953062, 4.417684356031595E-4, 0.011940576106008865, 0.0, 0.0014467172340330927, 0.012994323779143972, 0.013172751917270303, 0.0012568196584383036
0.02491052616627959, 0.023446832161893735, 0.007707306950052281, 0.0, 2.9303704635063894E-4, 0.0021663174050557785, 0.0024393212153164512, 0.0077634595180570195, 0.0020064841637780196, 9.412517705012464E-5, 2.296757178858131E-4, 0.004311248791262631, 1.5603963277029101E-4, 0.0, 0.0, 1.0183801745039352E-4, 0.0, 2.0497963049352825E-4, 0.0, 0.0, 0.0, 4.281900031309231E-4, 3.1517702773356965E-4, 3.921793247002801E-4, 5.28341645977123E-4, 0.007573826842589519, 2.982569508712744E-4, 1.997464770723995E-4, 2.000871375683471E-4, 0.0, 0.0, 0.0, 0.0, 4.5367778795204024E-4, 0.0, 1.9141682376783007E-4, 0.0, 0.0, 0.0, 0.0, 0.0, 0.02135562343796451, 2.101000816906586E-4, 2.0131098518296928E-4, 0.0, 0.0, 3.063706036044298E-4, 0.0, 0.0, 0.0, 0.0, 0.0, 0.0, 2.377794257169843E-4, 2.9434621867124796E-4, 2.8961610516997584E-4, 0.022975690854913976, 0.0, 0.014044009216128351, 0.0, 0.0, 0.0, 0.0, 0.0, 0.004928111314608911, 0.07212566399464057, 0.0, 4.42044025957311E-4, 0.0, 0.0, 1.9531885100099386E-4, 0.0, 0.0, 0.0, 2.8468457178247526E-4, 0.0, 0.0022316118285010587, 0.0010355678189263807, 0.002189910629413395, 2.7460216531089836E-4, 1.1406179864586422E-4, 0.0016957738334884172, 1.512871896637699E-4, 0.012633564311781389, 0.0, 0.0025483896989491285, 1.0985817109318762E-4, 0.08434731771329018, 4.620364121641331E-4, 0.0033164187810217917, 0.0010728991220320338, 0.0029092048112584873, 0.8688766473819001, 0.00337740521623705, 0.01017161129546564, 0.022982065445120967, 1.345443651971887E-4, 0.015446319245778998, 1.1127320675123059E-4, 9.86473923293887E-5, 4.6704471837629704E-4, 0.0, 3.37003808318126E-4, 1.281974536832661E-4, 0.0, 3.305415003439813E-4, 8.738314171334859E-5, 1.3754420839895984E-4, 7.727295197507161E-5, 0.0, 0.0, 1.475851292323538E-4, 3.1253675437796627E-4, 0.0, 0.0, 3.401179091540117E-4, 0.0039116688736939445, 0.007161215666447538
0.017798076362269905, 0.01373864643626305, 0.009550614040110974, 2.9303704635063894E-4, 0.0, 1.654919713850434E-4, 0.004275660053293176, 1.9989717361517005E-4, 7.576575909394604E-4, 4.413606505522503E-4, 1.958124033993099E-4, 6.879097351488746E-5, 7.31682595345925E-4, 0.0, 4.5010543698725884E-4, 8.682305268463979E-5, 0.002161795201018554, 1.7475749924419638E-4, 0.0, 0.0, 0.0, 2.4323135561884232E-4, 1.790348563838699E-4, 0.027380438884404966, 0.006810711801017156, 0.00537085640801257, 1.6942348479112227E-4, 1.702959202920061E-4, 1.7058635391323834E-4, 0.0, 0.0, 0.0, 0.0, 1.9339383990069333E-4, 0.0, 8.15971942050827E-5, 0.0, 0.0, 0.010764553915303439, 0.0, 0.02542416060650047, 1.1101803133702273E-4, 8.956149637614873E-5, 0.002355530859965169, 0.0, 0.0, 1.3059970983198634E-4, 0.0, 0.0, 0.0, 0.0, 0.0, 0.0, 1.0136065156809153E-4, 1.254739531023712E-4, 1.2345759956364818E-4, 1.1944001422998051E-4, 0.0, 0.002266475477403091, 0.0, 0.0, 0.01264871102331351, 0.0, 0.0, 0.0, 0.0, 0.0, 1.884345979796644E-4, 0.0022380077333160634, 0.0, 8.326055099719085E-5, 0.0, 0.0, 3.5735326138040065E-4, 1.2135538472365686E-4, 0.0, 2.894922480207174E-4, 0.0021787640222924363, 1.6035081048971578E-4, 1.5598649299623424E-4, 9.724456348493436E-5, 1.2954563078901386E-4, 0.0035522545545499224, 0.0, 0.0, 0.0030175776884631654, 0.0025794926159154875, 0.004851556561200394, 0.0037393415642977576, 0.015089624637470411, 0.0019783534776233415, 0.002824516656881493, 0.0050103440654394905, 0.018340669953881016, 0.0, 0.0, 1.1470718696607732E-4, 1.2461126863877982E-4, 0.002022596659055471, 8.410285231238808E-5, 2.6530259733913717E-4, 3.7827714755908675E-4, 1.9143345838662005E-4, 0.0030101027703678803, 0.001869772878425594, 0.0919041666982418, 4.097466956515218E-4, 1.1726473424433125E-4, 6.587985261690068E-5, 0.0, 3.753946896808281E-4, 0.0034653294086869862, 1.775350612863852E-4, 0.0024164782490148184, 0.002842348387142568, 0.01864688031268446, 0.00218218519216547, 0.003994995305026395
0.05899458438956537, 9.085079277828237E-5, 5.810371437985187E-4, 0.0021663174050557785, 1.654919713850434E-4, 0.0, 0.010937718277440668, 0.014347262972576175, 0.041414486850549714, 0.013110232858088381, 2.598680030368817E-4, 0.0067924798143681395, 1.765520018219071E-4, 0.0, 0.0, 0.010521505726399675, 0.0, 0.0714475379844242, 0.0, 0.0028513533128441786, 0.0, 1.6111977473631076E-4, 1.1859513612924278E-4, 2.2148233607106475E-4, 2.983796814992096E-4, 2.58808981547161E-4, 1.1222843220659065E-4, 2.2600437951504949E-4, 2.263898219275533E-4, 0.0, 0.0, 0.0, 0.0, 0.0, 0.0, 0.0, 0.0, 0.0, 0.0, 0.0, 0.0, 0.0, 0.0, 0.0, 0.0, 0.0, 0.009168403965050195, 0.0, 0.0, 0.0, 0.007221723181416574, 0.0, 0.0, 0.0, 0.0, 0.016987341914846292, 0.0, 0.005079843526857719, 0.001151462360106085, 0.0, 0.0, 0.0, 0.0, 0.0, 0.0013402115413075708, 0.0, 0.0, 0.012963976927223895, 0.0, 0.0, 0.0, 0.0, 0.0, 0.0, 0.0, 0.0, 0.022091199241889264, 0.0011716995753440964, 0.0022646130786961693, 1.033275851689306E-4, 0.002460128538367026, 0.11371198493578799, 1.7117482085124812E-4, 0.0, 0.0, 0.0, 1.2429970308600123E-4, 0.01258512232161755, 1.7385553633557542E-4, 1.2095138789354042E-4, 4.0371158502673334E-4, 1.1343846612272205E-4, 0.006082218589900233, 1.4148041081199543E-4, 0.002766193777211652, 0.0018842898000352355, 1.522310491744763E-4, 0.0, 1.2590075388086333E-4, 0.00212766472198549, 0.018459736632188462, 0.008060241500361318, 1.2680813957464856E-4, 0.09446368037540927, 0.00882285081687198, 3.739932127170287E-4, 9.887019291881094E-5, 1.556252402080082E-4, 8.74309565824899E-5, 0.017212221451793547, 0.0, 1.6698610181603755E-4, 1.176016513556923E-4, 0.0, 0.0, 1.279799166397723E-4, 2.5949795545924295E-4, 4.750710972861437E-4
0.0027960912538260423, 0.002706213836565325, 0.008653808679156778, 0.0024393212153164512, 0.004275660053293176, 0.010937718277440668, 0.0, 0.0, 0.00613590324279353, 0.0015861597527075696, 0.0, 0.02676936263314186, 0.0, 0.0, 0.0, 0.004290333618425089, 0.0, 0.0017271172825553442, 0.0, 0.0011755647952168032, 0.0, 0.0, 0.0, 0.0, 0.00999896751223682, 0.017345836588889964, 0.0, 0.0, 0.0, 0.0, 0.0, 0.0, 0.0, 0.0, 0.0, 0.0, 0.0, 0.0, 0.0, 0.0, 0.0, 0.0, 0.0, 0.0024837601775759867, 0.0, 0.0, 0.0, 0.0, 0.02337807837740577, 0.0, 0.0, 0.0, 0.0, 0.0, 0.0, 0.0, 0.0, 0.0, 0.0039043995090414997, 0.0, 0.0, 0.0, 0.0, 0.0, 0.0016576397239241702, 0.0, 0.0, 0.0, 0.002449061702663463, 0.02004254006932038, 0.0, 0.0, 0.0, 0.0, 0.0, 0.0, 0.0024098133360981717, 0.0036170198141555103, 0.003460603956550055, 0.006925197868908893, 9.61061854030611E-4, 0.002160491490757902, 0.0012747155376776566, 0.013914755653720969, 0.0, 0.004127685665252786, 0.003645899707040787, 0.03442903479077644, 0.0, 0.0, 0.0, 0.0, 0.004027645729509083, 0.0021071706345852266, 0.0034213648725216943, 0.0023305825443617175, 0.0, 0.0, 0.015001051802284095, 8.311831559111134E-4, 0.0013087123025263343, 0.003323101387010765, 0.0, 0.0, 0.003637512323374187, 0.0, 0.0, 0.0, 0.0, 0.007096308091690252, 0.0, 0.0, 8.757634533756754E-4, 0.0, 0.0, 0.0, 0.0, 0.0
1.6875598910454738E-4, 1.0973835494908764E-4, 7.018327344745865E-4, 0.0077634595180570195, 1.9989717361517005E-4, 0.014347262972576175, 0.0, 0.0, 0.014326729872614479, 1.2863917817336807E-4, 3.138936522740937E-4, 0.01747214178561087, 2.1325654570992182E-4, 0.0, 0.0, 1.3918017773977074E-4, 0.0, 2.801419560138104E-4, 0.0, 0.0, 0.0, 1.9461601256997408E-4, 1.4325065027828E-4, 2.675277393564989E-4, 3.604117740377415E-4, 0.010351012249775318, 1.35560330870448E-4, 2.7298989982176035E-4, 2.734554743641752E-4, 0.0, 0.0, 0.0, 0.0, 0.0, 0.0, 0.0, 0.0, 0.0, 0.0, 0.0, 0.0, 0.0, 0.01033703942808243, 0.0, 0.0, 0.0, 0.011074483093270403, 0.0, 0.0, 0.0, 0.008723094181031642, 0.0, 0.0, 0.0, 0.0, 0.0, 0.0, 0.014487601249516563, 0.009890470107278613, 0.0, 0.0, 0.0, 0.0, 0.0, 0.005116323823795335, 0.0, 0.0, 0.0, 0.0, 0.0, 0.0, 0.0, 0.0, 0.0, 0.0, 0.0, 0.03370225357948371, 0.009289307740808566, 1.28301037793725E-4, 1.2480902885429466E-4, 1.5588619855627384E-4, 2.0766586017327926E-4, 2.06761467616066E-4, 0.0, 0.0, 0.0, 1.5014117676008347E-4, 2.6164380050157756E-4, 2.099994944768173E-4, 1.4609675854605197E-4, 4.8764181202954634E-4, 1.370219266070193E-4, 0.07854363736677049, 1.708936935522361E-4, 0.010560081515022864, 0.0, 1.8387935204208937E-4, 0.0, 1.5207508041733473E-4, 1.3481960805705143E-4, 2.1227581241421378E-4, 0.03894375010686571, 1.5317110842430365E-4, 1.7520514279565892E-4, 0.0, 4.517450940230184E-4, 1.1942496034005852E-4, 1.879791835241518E-4, 1.0560754676519557E-4, 0.0, 0.0, 2.0170192853873813E-4, 1.4205062349389666E-4, 0.010545053818166419, 0.0, 1.545864938443028E-4, 0.016669268212439387, 0.07197665826022552
0.009855026696804972, 0.002968025242853392, 0.002660112142796776, 0.0020064841637780196, 7.576575909394604E-4, 0.041414486850549714, 0.00613590324279353, 0.014326729872614479, 0.0, 0.022502844903351027, 0.0, 0.009800174418193036, 0.0016165855449832977, 0.0, 0.0012154592450611585, 0.0021174299822365014, 0.0010583905641960954, 0.004261964502266329, 0.0, 0.0029009121024573233, 0.0, 0.0, 0.0, 0.0, 0.006239962799361606, 0.0, 0.0, 0.0, 0.0, 0.0, 0.0, 0.0, 0.0, 0.0, 0.0, 0.0, 0.0, 0.0, 0.0, 0.0, 0.0, 0.0, 0.0, 0.0, 0.0, 0.0, 0.00932775812195017, 0.0, 0.0, 0.0, 0.007347242477176941, 0.0, 0.0, 0.0, 0.0, 0.0172825954354297, 0.0, 0.0051681352497673985, 0.034493450937876896, 0.0, 0.0, 0.0, 0.0, 0.0, 0.0013635054844024436, 0.0, 0.0, 0.01318930116262883, 0.0, 0.012364619816714264, 0.0, 0.0, 0.0, 9.649923986807113E-4, 0.0, 0.0, 0.001982212209766226, 0.0010852503133412373, 0.07441692031816635, 0.030380691738333684, 0.0023715885121017976, 0.0017771304307786786, 0.0031455839316432877, 0.0020198292690936964, 0.0, 0.002037157517848789, 0.002284186113301874, 0.02102223306572203, 0.0, 0.0, 0.0036965557227430527, 0.0010386910524189553, 0.007621146146497944, 0.005199812737403067, 0.047842631247570336, 0.05644618532234885, 0.02517718352612759, 0.005383980056569437, 0.0, 0.0020510900684947257, 0.10830947879403835, 0.00466608830043439, 0.0, 0.0, 0.0, 0.0, 0.004135310572618329, 0.0, 0.0, 0.003502276711536527, 0.001013711252131227, 0.0, 0.0021610997633854656, 0.0, 0.0011127121506464353, 0.0, 0.0, 0.0
0.008949411946446086, 4.405373282211553E-5, 0.024450277351216142, 9.412517705012464E-5, 4.413606505522503E-4, 0.013110232858088381, 0.0015861597527075696, 1.2863917817336807E-4, 0.022502844903351027, 0.0, 1.2601051927793572E-4, 4.426883151303091E-5, 8.56104220956364E-4, 0.0, 5.793097767042325E-4, 0.0010650782388104789, 0.022534253251612745, 0.0021437902003975644, 0.0, 0.0013826269775327577, 0.0, 7.812730402821111E-5, 5.750702092154994E-5, 1.0739723187561553E-4, 7.957670045011403E-4, 1.2549699761968348E-4, 5.4419793336750265E-5, 1.095899798704236E-4, 1.0977688167435385E-4, 0.0, 0.0, 0.0, 0.0, 0.0, 0.0, 0.0, 0.0, 0.0, 0.0, 0.0, 0.0, 0.0, 0.0, 0.0, 0.0, 0.0, 0.0, 0.0, 0.0, 0.0, 0.0, 0.0, 0.0, 0.0, 0.0, 0.0, 0.0, 0.0, 0.0, 0.0, 0.0, 0.0, 0.0, 0.0, 0.0, 0.0, 0.0, 0.0, 0.0, 0.0058932005940627395, 0.0, 0.024949021089122513, 0.0, 4.5993276473278683E-4, 0.0, 0.0, 0.009767309053463463, 5.090963573547952E-5, 9.81825469618217E-4, 5.010375463971285E-5, 0.0011929212946085598, 8.33660785656283E-5, 0.001582244996080806, 0.006507764279115051, 0.0, 9.709459791199734E-4, 0.0011489574357029118, 0.006517563204713633, 0.008855176672496547, 5.864957215871228E-5, 0.00195760562567286, 5.500654122542355E-4, 0.018699739336147176, 0.03352598410957749, 0.0, 0.0, 0.012073716461632111, 0.0, 6.104952971743721E-5, 0.0122935052122488, 0.057036611377809916, 4.8686292561040924E-4, 6.148952287212742E-5, 7.033493944174283E-5, 0.0, 1.8135006384070978E-4, 4.7942356139323754E-4, 7.546299314341285E-5, 0.039862319368038635, 0.001669248185787233, 0.05090554198645056, 8.097189787174666E-5, 0.0010870443647204608, 0.0, 5.303386601783082E-4, 6.205771993651654E-5, 1.2583108246050966E-4, 2.303629341180165E-4
0.1076565542926618, 1.0749592222366813E-4, 6.87491233799762E-4, 2.296757178858131E-4, 1.958124033993099E-4, 2.598680030368817E-4, 0.0, 3.138936522740937E-4, 0.0, 1.2601051927793572E-4, 0.0, 1.080207865352219E-4, 2.0889878531491944E-4, 0.0, 0.0, 1.3633612029569694E-4, 0.0, 2.744174352642525E-4, 0.0, 0.0, 0.0, 1.906391594844687E-4, 1.4032341534505474E-4, 2.620609820138284E-4, 3.530469911675801E-4, 3.0622638834947946E-4, 1.327902426697125E-4, 2.6741152674196234E-4, 2.6786758756795125E-4, 0.0, 0.0, 0.0, 0.0, 0.0, 0.0, 0.0, 0.0, 0.0, 0.0, 0.0, 0.0, 0.0, 0.0, 0.0, 0.0, 0.0, 0.0, 0.0, 0.0, 0.0, 0.0, 0.0, 0.0, 0.0, 0.0, 0.0, 0.0, 0.0, 0.0, 0.0, 0.0, 0.0, 0.0, 0.0, 0.0, 0.0, 0.0, 0.0, 0.0, 0.0, 0.0, 0.0, 0.0, 0.0, 0.0, 0.0, 2.268973862334698E-4, 1.2422507453690914E-4, 1.2567928857953813E-4, 1.222586365975441E-4, 1.5270076431820814E-4, 2.0342234184260078E-4, 2.0253642996580107E-4, 0.0, 0.0, 0.0, 1.4707313834857268E-4, 2.562972776662382E-4, 2.0570828982959213E-4, 1.4311136522032395E-4, 4.776771651375345E-4, 1.3422197163716248E-4, 4.762364771266813E-4, 1.674015908032279E-4, 0.0, 0.0, 1.801218957111701E-4, 0.0, 1.4896752392802115E-4, 1.3206465605074857E-4, 2.079380926735316E-4, 0.0, 1.5004115530737575E-4, 1.7162493835347407E-4, 0.0, 4.4251397348312236E-4, 1.169845880616266E-4, 1.8413794977294637E-4, 1.0344952444904717E-4, 0.0, 0.0, 1.9758027931640983E-4, 1.391479103364346E-4, 0.0, 0.0, 1.5142761823636107E-4, 3.070415918694756E-4, 5.621107330258949E-4
0.013359559573881685, 0.0039789051771502845, 2.4152295990971637E-4, 0.004311248791262631, 6.879097351488746E-5, 0.0067924798143681395, 0.02676936263314186, 0.01747214178561087, 0.009800174418193036, 4.426883151303091E-5, 1.080207865352219E-4, 0.0, 0.013034587849070496, 0.0, 0.0017718388327910744, 0.03273048561935408, 0.003085743120589677, 9.64057546589159E-5, 0.0, 0.0, 0.0, 6.697355807565105E-5, 0.01641552810509248, 9.206480161645471E-5, 0.002115386081488937, 0.0035621124433573887, 0.0034171579315568014, 0.013668925435497496, 0.07892955929105916, 0.0, 0.0, 0.0, 0.0, 0.0, 0.0, 0.0, 0.0, 0.0, 0.026722414014667566, 0.0, 0.0, 0.0, 0.007790789645021457, 0.002028193347043796, 0.0, 0.0, 0.0038110817646018922, 0.0, 0.0, 0.0, 0.0030018940734521603, 0.0, 0.004671690664315905, 0.0, 0.019934860724500156, 0.0, 0.0028229072312391033, 0.0021115669756739857, 9.572696011113716E-4, 0.0, 0.0, 0.0, 0.0, 0.0, 0.0028748761672235607, 0.0, 0.0, 0.0, 0.0, 0.01097689239343802, 0.0, 0.0, 0.0, 0.0028134402897970596, 0.0, 0.002871252470154302, 0.00745862599548686, 0.028958048490504762, 0.0032563210695152702, 0.004525339306333214, 5.3645397592591675E-5, 0.0015236438859615536, 7.115319534261119E-5, 0.029709008123801985, 0.0, 0.029963883667449936, 5.1668352919688943E-5, 0.005831629684275192, 0.0031791728950431365, 5.027654001301833E-5, 0.007382387444105002, 0.013674544519950276, 0.0045533770254153096, 5.880995380977722E-5, 0.005933738308408473, 0.001566506563959045, 6.327873179744697E-5, 0.00514488294486035, 5.2333870659936876E-5, 4.639571395338782E-5, 0.0024187950338070458, 0.006328619606058678, 5.271104874722751E-5, 6.0293660584371526E-5, 0.0, 1.5545985086434195E-4, 0.0026804980738394197, 6.468961417160704E-5, 3.6342914815207194E-5, 0.0, 0.0014777401785059402, 0.004527207958857747, 4.888413628775951E-5, 0.0, 0.0072992654653803776, 0.0038967628668334364, 0.005736425219908418, 0.03111061318510865
0.10412946536972514, 7.303177010825417E-5, 0.0025689147443759674, 1.5603963277029101E-4, 7.31682595345925E-4, 1.765520018219071E-4, 0.0, 2.1325654570992182E-4, 0.0016165855449832977, 8.56104220956364E-4, 2.0889878531491944E-4, 0.013034587849070496, 0.0, 0.0, 0.004386889311194244, 0.01812437453205891, 0.003819990075362066, 1.8643675621681397E-4, 0.0, 0.0, 0.0, 1.2951854341164076E-4, 9.533447593446213E-5, 1.780418921654995E-4, 0.001319213360809376, 2.0804747503339296E-4, 9.021650565586265E-5, 0.013307840579458222, 0.013330536627159464, 0.0, 0.0, 0.0, 0.0, 0.0, 0.0, 0.0, 0.0, 0.0, 0.0, 0.0, 0.0, 0.01227960019419016, 0.0, 0.0, 0.0, 0.0, 0.0, 0.0, 0.011395578763043392, 0.0, 0.0, 0.0, 0.0, 0.0, 0.0, 0.0, 0.0, 0.0, 0.0, 0.0, 0.018144638557816187, 0.0, 0.0, 0.0, 0.017237585837265427, 0.0, 0.0, 0.010421286966073152, 0.0, 0.0, 0.0, 0.0, 0.0, 7.624712320032091E-4, 0.0, 0.0, 1.5415205904357578E-4, 8.439740687449777E-5, 8.538538691553128E-5, 8.306142648985546E-5, 1.0374353635329492E-4, 1.382033234099786E-4, 1.376014427880515E-4, 0.009192565111270966, 0.0, 0.0, 9.992017749867257E-5, 1.741260828754568E-4, 1.3975637606920423E-4, 9.722858419598618E-5, 0.0032452960250622383, 9.118920953750917E-4, 0.0017795294656174907, 1.1373114665558515E-4, 0.0, 0.0, 1.2237320827547413E-4, 0.0, 1.0120720615308799E-4, 8.972354858313257E-5, 1.412712842193616E-4, 0.003686824994613384, 1.0193662172956805E-4, 1.1660045128590466E-4, 0.0900023115407059, 3.006400439438612E-4, 0.0033469188900443264, 1.2510167955991682E-4, 7.028268357613636E-5, 0.0, 0.0036587315244683916, 1.3423427827277725E-4, 9.453584832352802E-5, 0.0, 0.00793712574537362, 1.0287857226870188E-4, 2.0860131702881232E-4, 3.818930149211809E-4
0.0, 0.0, 0.0, 0.0, 0.0, 0.0, 0.0, 0.0, 0.0, 0.0, 0.0, 0.0, 0.0, 0.0, 0.0, 0.0, 0.0, 0.0, 0.0, 0.0, 0.0, 0.0, 0.0, 0.0, 0.0, 0.0, 0.0, 0.0, 0.0, 0.0, 0.0, 0.0, 0.0, 0.0, 0.0, 0.0, 0.0, 0.0, 0.0, 0.0, 0.0, 0.0, 0.0, 0.0, 0.0, 0.0, 0.0, 0.0, 0.0, 0.0, 0.0, 0.0, 0.0, 0.0, 0.0, 0.0, 0.0, 0.0, 0.0, 0.0, 0.0, 0.0, 0.0, 0.0, 0.0, 0.0, 0.0, 0.0, 0.0, 0.0, 0.0, 0.0, 0.0, 0.0, 0.0, 0.0, 0.0, 0.0, 0.0, 0.0, 0.0, 0.0, 0.0, 0.0, 0.0, 0.0, 0.0, 0.0, 0.0, 0.0, 0.0, 0.0, 0.0, 0.0, 0.0, 0.0, 0.0, 0.0, 0.0, 0.0, 0.0, 0.0, 0.0727312893156587, 0.0, 0.0, 0.0, 0.0, 0.0, 0.0, 0.0, 0.0, 0.0, 0.0, 0.0, 0.0, 0.0, 0.0, 0.0
0.003471470675557828, 0.0, 0.007218682340707037, 0.0, 4.5010543698725884E-4, 0.0, 0.0, 0.0, 0.0012154592450611585, 5.793097767042325E-4, 0.0, 0.0017718388327910744, 0.004386889311194244, 0.0, 0.0, 0.002236288403373409, 0.0028721290175761573, 0.032915045568797964, 0.003413127826066564, 0.0, 0.0029516180896730832, 0.0, 0.0, 0.0, 8.115337306415012E-4, 0.0, 0.0, 0.0, 0.0, 0.0, 0.0, 0.0, 0.0, 0.0, 0.0, 0.0, 0.0, 0.0, 0.0, 0.0, 0.014728377177320118, 0.0, 0.0, 0.0, 0.0, 0.0, 0.0, 0.0, 0.0, 0.0, 0.005940995621975889, 0.0, 0.0, 0.0, 0.0, 0.0, 0.0, 0.0, 0.0, 0.0, 0.0, 0.0, 0.0, 0.0, 0.0, 0.0, 0.0, 0.0, 0.0, 0.0, 0.0, 0.0, 0.0, 5.73277863894946E-4, 0.0, 0.0, 0.0, 0.0, 0.002061486970474631, 0.018048409590804892, 0.0, 0.0, 0.0, 0.0, 0.0, 0.0, 0.0, 0.002101991125382175, 0.0, 0.0, 0.002196031358796168, 0.005020281460591568, 0.0010947040326615646, 0.0, 0.0, 0.0, 0.0, 0.0, 0.0, 0.0, 0.0, 0.0027720064295587233, 0.0, 0.0, 0.09065310274008836, 0.03674590144923635, 0.014089833423210997, 0.022086457450799943, 0.03436136491197187, 0.0, 0.004899547169117977, 0.0, 0.0, 0.0, 6.610344762556007E-4, 0.0, 0.018414077768360678, 0.0
0.015666265988225146, 4.766360024485749E-5, 3.0483302679607026E-4, 1.0183801745039352E-4, 8.682305268463979E-5, 0.010521505726399675, 0.004290333618425089, 1.3918017773977074E-4, 0.0021174299822365014, 0.0010650782388104789, 1.3633612029569694E-4, 0.03273048561935408, 0.01812437453205891, 0.0, 0.002236288403373409, 0.0, 0.001947302268314618, 0.002319457457400668, 0.0, 0.0014959227135411734, 0.0, 8.452924074437774E-5, 6.221928270063416E-5, 1.1619761594762821E-4, 1.565407348164156E-4, 1.3578051945399656E-4, 5.887908036043842E-5, 1.185700429173078E-4, 1.1877225989863706E-4, 0.0, 0.0, 0.0, 0.0, 0.0, 0.0, 0.0, 0.0, 0.0, 0.0, 0.0, 0.0, 0.0, 0.0, 0.0, 0.0, 0.0, 0.0, 0.0, 0.0, 0.0, 0.0, 0.0, 0.0, 0.0, 0.0, 0.0, 0.0, 0.0, 0.0, 0.0, 0.0, 0.0, 0.0, 0.0, 0.011249972434133526, 0.0, 0.0, 0.0, 0.0, 0.0, 0.0, 0.0, 0.0, 0.0, 0.0, 0.0, 1.0060610756501772E-4, 5.508129211445744E-5, 5.572608938085146E-5, 5.420937520905896E-5, 0.0012906720967185864, 9.019729290088056E-5, 8.980448033018515E-5, 0.0, 0.0, 0.0, 6.521210412444408E-5, 1.1364199435501122E-4, 9.121088028892849E-5, 6.34554572978532E-5, 2.1180164767402933E-4, 5.951390776367263E-5, 0.002118227317380857, 7.422572260737795E-5, 0.0, 0.0, 7.986589495608649E-5, 0.0, 6.605207307489952E-5, 0.0011162495963166162, 9.219957296842603E-5, 0.006108112385915007, 6.652812031294652E-5, 7.609835130962011E-5, 0.004628785522892285, 1.9621031848051886E-4, 0.0017175020269512046, 8.164660990231441E-5, 4.5869430922230385E-5, 0.009030151719274395, 0.0018650980908834457, 8.760692735869334E-5, 6.169806478224542E-5, 0.0, 0.0, 6.714287679332695E-5, 1.3614197999958314E-4, 2.492394196734565E-4
0.0030228671358774974, 0.0, 0.0013760898258106974, 0.0, 0.002161795201018554, 0.0, 0.0, 0.0, 0.0010583905641960954, 0.022534253251612745, 0.0, 0.003085743120589677, 0.003819990075362066, 0.0, 0.0028721290175761573, 0.001947302268314618, 0.0, 0.0, 0.007523036208196235, 0.0, 0.0, 0.0, 0.0, 0.0, 7.066626433818453E-4, 0.0, 0.0, 0.0, 0.0, 0.0, 0.0, 0.0, 0.0, 0.0, 0.0, 0.0, 0.0, 0.014206506318876396, 0.0, 0.0, 0.0, 0.0, 0.0, 0.0, 0.0, 0.0, 0.0, 0.0, 0.0, 0.0, 0.0, 0.0, 0.0, 0.0, 0.0, 0.0, 0.0, 0.0, 0.0, 0.0, 0.0, 0.0, 0.0, 0.0, 0.0, 0.0, 0.0, 0.0, 0.0, 0.0012634631194906245, 0.0, 0.0, 0.0, 0.002280276102430594, 0.0, 0.0036353583692325005, 0.0, 0.0017743190058703074, 0.0, 0.0, 0.0, 0.0, 0.0, 0.015422254191617246, 0.0, 0.0, 0.0, 0.00414690860952353, 0.009519611882962823, 0.0, 0.0019122474721163056, 5.373202754871701E-4, 9.532400394865689E-4, 0.0, 0.0, 0.0, 0.0, 0.0, 0.002692892908523175, 0.012223175547291429, 0.0, 0.0024137917094770515, 0.0, 0.0, 0.002611931821684272, 0.0, 0.010598161148896657, 0.0, 0.007480247598491033, 0.0, 0.019234404203294052, 0.0028220586389916813, 0.01006153317448863, 0.0, 5.756117740023706E-4, 0.0027373641485796845, 0.0027752026198894523, 0.0090949925786033
0.045449299933723666, 9.593732685282532E-5, 6.13568122782037E-4, 2.0497963049352825E-4, 1.7475749924419638E-4, 0.0714475379844242, 0.0017271172825553442, 2.801419560138104E-4, 0.004261964502266329, 0.0021437902003975644, 2.744174352642525E-4, 9.64057546589159E-5, 1.8643675621681397E-4, 0.0, 0.032915045568797964, 0.002319457457400668, 0.0, 0.0, 0.05366969646668105, 0.0030109942509231455, 0.09282538189662866, 1.7014051301736226E-4, 1.2523501435758835E-4, 2.3388264007374098E-4, 3.150852970550466E-4, 2.732991215137996E-4, 1.1851185282510415E-4, 2.3865786268502837E-4, 2.3906488516199854E-4, 0.0, 0.0, 0.0, 0.0, 0.0, 0.0, 0.0, 0.0, 0.0, 0.0, 0.0, 0.025732914298877453, 0.0, 0.0, 0.0, 0.0, 0.0, 0.0, 0.0, 0.0, 0.0, 0.010379903321984902, 0.0, 0.0, 0.0, 0.0, 0.0, 0.0, 0.0, 0.0, 0.0, 0.0, 0.0, 0.0, 0.0, 0.0, 0.0, 0.0, 0.0, 0.0, 0.0, 0.0, 0.0, 0.0, 0.0, 0.0, 0.0, 2.0250004144193798E-4, 1.1086766207155725E-4, 1.1216551044604143E-4, 1.0911266713386907E-4, 0.04690638113694738, 1.81549172236636E-4, 1.807585188283096E-4, 0.0, 0.0, 0.0, 1.3125896734630889E-4, 2.2873868320133733E-4, 1.8358932161774676E-4, 1.2772318742406495E-4, 4.263144998800763E-4, 1.197896338522682E-4, 0.004263569378984881, 1.4940158473319404E-4, 0.0, 0.0, 1.6075412745645797E-4, 0.0, 1.329496574186511E-4, 0.002246787943441508, 1.8557936291262745E-4, 0.0, 1.3390784562179313E-4, 1.531708130532971E-4, 0.0, 3.949322619202152E-4, 1.0440571539317713E-4, 0.06546829086096034, 0.030109823802501292, 0.0036351790992376824, 0.0, 1.763352827190072E-4, 1.2418590657846282E-4, 0.0, 0.0, 1.3514522788184415E-4, 0.032446470340783504, 5.016692727150997E-4
0.0, 0.0, 0.007469853729715458, 0.0, 0.0, 0.0, 0.0, 0.0, 0.0, 0.0, 0.0, 0.0, 0.0, 0.0, 0.003413127826066564, 0.0, 0.007523036208196235, 0.05366969646668105, 0.0, 0.0, 0.14138443220393349, 0.0, 0.0, 0.0, 0.0, 0.0, 0.0, 0.0, 0.0, 0.0, 0.0, 0.0, 0.0, 0.0, 0.0, 0.0, 0.0, 0.0, 0.0, 0.0, 0.0, 0.0, 0.04070387514220914, 0.004727407739238759, 0.0, 0.0, 0.0, 0.0, 0.0, 0.0, 0.0, 0.0, 0.0, 0.0, 0.0, 0.0, 0.0, 0.011072782615781759, 0.0, 0.0, 0.0, 0.0, 0.0, 0.0, 0.0, 0.0, 0.0, 0.0, 0.0, 0.0, 0.0, 0.0, 0.0, 0.0, 0.0, 0.0, 0.0, 0.0, 0.047097932288934635, 0.0, 0.0, 0.007161246002936037, 0.0, 0.04034647593623469, 0.0, 0.0, 0.0, 0.0027847673997377603, 0.0, 0.0, 0.0, 0.0058334910826551255, 0.0, 0.0, 0.0, 0.0, 0.0, 0.0, 0.0, 0.014528693752766398, 0.0, 0.0, 0.0, 0.0, 0.0, 0.0, 0.008977016923022796, 0.0, 0.08965451988233272, 0.0, 0.002846599831549083, 0.006955583013631948, 0.0, 0.0, 0.0, 0.0, 0.0, 0.0
0.0018138065437709437, 0.0, 0.0, 0.0, 0.0, 0.0028513533128441786, 0.0011755647952168032, 0.0, 0.0029009121024573233, 0.0013826269775327577, 0.0, 0.0, 0.0, 0.0, 0.0, 0.0014959227135411734, 0.0, 0.0030109942509231455, 0.0, 0.0, 0.0, 0.0, 0.024634761065644283, 0.0, 0.0, 0.0, 0.0, 0.0, 0.0, 0.0, 0.0, 0.0, 0.0, 0.0, 0.0, 0.0, 0.0, 0.0, 0.0, 0.0, 0.0, 0.0, 0.0, 0.0, 0.0, 0.0, 0.0, 0.0, 0.0, 0.0, 0.0, 0.0, 0.0, 0.0, 0.0, 0.0, 0.0, 0.0, 0.0, 0.0, 0.0, 0.0, 0.0, 0.0, 0.0, 0.0, 0.0, 0.0, 0.0, 0.0, 0.0, 0.0, 0.0, 0.0, 0.0, 0.0, 0.0, 0.0, 0.0, 0.0, 0.0016754807253079416, 0.0, 0.0, 0.0, 0.0, 0.0, 0.0, 0.0, 0.08125545371458219, 0.05024841049245573, 0.0, 0.0, 0.002612708068872337, 0.0, 0.0, 0.0, 0.0, 0.0, 0.0, 0.0014490548668528666, 0.0, 0.0, 0.0, 0.005534074884986593, 0.013977202108928971, 0.014268937197605112, 0.0, 0.0, 0.0, 0.0024742897407922914, 0.0, 0.012742018403894112, 0.0, 0.004610087100833914, 0.004636440505837972, 0.0, 0.0, 0.0
0.0, 0.0, 0.006459809453210354, 0.0, 0.0, 0.0, 0.0, 0.0, 0.0, 0.0, 0.0, 0.0, 0.0, 0.0, 0.0029516180896730832, 0.0, 0.0, 0.09282538189662866, 0.14138443220393349, 0.0, 0.0, 0.0, 0.0, 0.0, 0.0, 0.0, 0.0, 0.0, 0.0, 0.0, 0.0, 0.0, 0.0, 0.0, 0.0, 0.0, 0.0, 0.0, 0.0, 0.0, 0.0, 0.0, 0.0, 0.0, 0.0, 0.0, 0.0, 0.0, 0.0, 0.0, 0.0, 0.0, 0.004804401842525788, 0.0, 0.0, 0.0, 0.0, 0.0, 0.0, 0.0, 0.005103634824931259, 0.0, 0.0, 0.0, 0.0, 0.0, 0.0, 0.0, 0.0, 0.0, 0.0, 0.0, 0.0, 0.0, 0.0, 0.0, 0.0, 0.0, 0.002361817042965569, 0.0, 0.0, 0.0, 0.0, 0.0, 0.0, 0.0, 0.0, 0.0024082220917200268, 0.0, 0.0, 0.0, 0.005044709334942937, 0.0, 0.0, 0.0, 0.0, 0.005595488228567333, 0.006057582247154206, 0.0, 0.025128361717062335, 0.0, 0.0, 0.0, 0.0, 0.0, 0.0, 0.002198422643627536, 0.0, 0.32362006171975743, 0.0, 0.0024616937850064466, 0.0, 0.0, 0.0, 0.0, 0.0, 0.0, 0.00873098736102936
3.0818690424490005E-4, 4.777701461663995E-4, 0.001740916263574998, 4.281900031309231E-4, 2.4323135561884232E-4, 1.6111977473631076E-4, 0.0, 1.9461601256997408E-4, 0.0, 7.812730402821111E-5, 1.906391594844687E-4, 6.697355807565105E-5, 1.2951854341164076E-4, 0.0, 0.0, 8.452924074437774E-5, 0.0, 1.7014051301736226E-4, 0.0, 0.0, 0.0, 0.0, 6.236733196304817E-4, 6.636102443295863E-4, 4.385426906983493E-4, 1.8986226135035063E-4, 5.901918169302562E-4, 1.6579680625183795E-4, 1.6607956679446222E-4, 0.0, 0.0, 4.30247182802939E-4, 0.0, 3.7656898590798885E-4, 0.0, 1.5888289249814445E-4, 0.0, 0.0, 0.0, 0.0, 0.0, 6.644201295895477E-4, 1.7439067285745242E-4, 1.6709540461456925E-4, 0.05652060768411475, 0.0, 2.5429869077816673E-4, 0.0, 2.6622727834983137E-4, 0.0, 4.1535190383452556E-4, 0.0, 0.0, 1.9736553031662714E-4, 7.509358540803866E-4, 7.388683920351476E-4, 2.325689642364781E-4, 0.0, 0.0, 0.0, 0.0, 0.0, 0.0, 0.0, 4.027101789388334E-4, 0.0, 0.0, 7.473274662415186E-4, 0.0, 0.0, 1.6212171634449326E-4, 2.4156766277075298E-4, 0.0, 0.0, 7.26287067726019E-4, 0.0, 0.0010084549733894053, 7.702031720753084E-5, 2.3430694139429833E-4, 2.2792973706306816E-4, 9.467542160440731E-5, 1.2612311446962173E-4, 6.481619511652611E-4, 0.0, 0.0, 3.3844091118980164E-4, 9.118625857574776E-5, 6.490149649371511E-4, 9.142791434918729E-4, 8.141405294722911E-4, 0.002123056245177851, 2.502332723049488E-4, 9.096664960266275E-4, 1.0379002526481953E-4, 0.0, 0.0, 1.1167669325546847E-4, 2.4263823029786725E-4, 9.236078939238367E-5, 8.188090640195154E-5, 3.8766402200681837E-4, 0.0, 2.7972535952961955E-4, 1.064085269578973E-4, 0.0, 2.743614099930246E-4, 7.253117065525883E-5, 1.1416667169914168E-4, 6.413934721098921E-5, 0.0, 0.0, 1.2250099944501158E-4, 2.594168191181679E-4, 0.0, 0.0, 2.823101759454249E-4, 1.9036769259225459E-4, 3.4851214317886214E-4
2.268465675426299E-4, 3.516713923900672E-4, 0.10328881439106671, 3.1517702773356965E-4, 1.790348563838699E-4, 1.1859513612924278E-4, 0.0, 1.4325065027828E-4, 0.0, 5.750702092154994E-5, 1.4032341534505474E-4, 0.01641552810509248, 9.533447593446213E-5, 0.0, 0.0, 6.221928270063416E-5, 0.0, 1.2523501435758835E-4, 0.0, 0.024634761065644283, 0.0, 6.236733196304817E-4, 0.0, 4.884623714986546E-4, 3.22797311422346E-4, 1.3975156536496957E-4, 4.344214047329765E-4, 1.2203775011112358E-4, 0.002750027177458497, 0.0, 0.0, 3.166912521895331E-4, 0.0, 2.771804405691253E-4, 0.0, 1.1694863833606637E-4, 0.0, 0.0, 0.0, 0.0, 0.0, 0.004697510592722584, 0.002878098868157636, 0.0014403466210354625, 2.645661030203052E-4, 0.0, 1.8718116941066087E-4, 0.0, 1.9596142291589586E-4, 0.0, 3.057273116066151E-4, 0.0, 0.00303435852709082, 1.4527448274693724E-4, 5.52739972388518E-4, 5.438574978050485E-4, 0.0020047225270402274, 0.0, 0.0, 0.0, 0.0, 0.0, 0.0, 0.0, 2.9642214042345825E-4, 0.0, 0.0, 5.500839529914078E-4, 0.0, 0.0, 1.1933263344520184E-4, 0.030228652253793946, 0.0, 0.0, 5.345967855705061E-4, 0.0, 7.422915967022841E-4, 5.6692203169311174E-5, 1.7246587922656122E-4, 0.003129450163229831, 6.96875633772701E-5, 9.283520880071057E-5, 4.770913747740996E-4, 0.0, 0.0, 2.4911557876709166E-4, 6.711930156683607E-5, 0.0017348575234769083, 0.0026909702915140204, 0.08081784225331995, 0.006248727561658183, 0.017886726350394667, 6.695765439409862E-4, 7.639653292268912E-5, 0.007803758530613196, 0.0, 8.220165811907114E-5, 0.0020915186503763705, 6.798383630389672E-5, 6.026992811414838E-5, 2.85347143375488E-4, 0.0031976565256430826, 2.0589693069338893E-4, 7.832392864586118E-5, 0.0035001986588219978, 2.019486982276722E-4, 5.3387885326624697E-5, 8.403445197053718E-5, 4.7210931284983785E-5, 0.0, 0.0, 9.016908525924928E-5, 1.909484607205126E-4, 0.0, 0.0, 2.077995317565001E-4, 1.4012359720920266E-4, 2.565286919661796E-4
2.822684581715452E-4, 3.74190672074875E-4, 0.0014895402776173138, 3.921793247002801E-4, 0.027380438884404966, 2.2148233607106475E-4, 0.0, 2.675277393564989E-4, 0.0, 1.0739723187561553E-4, 2.620609820138284E-4, 9.206480161645471E-5, 1.780418921654995E-4, 0.0, 0.0, 1.1619761594762821E-4, 0.0, 2.3388264007374098E-4, 0.0, 0.0, 0.0, 6.636102443295863E-4, 4.884623714986546E-4, 0.0, 0.15118892796598707, 2.6099302363370193E-4, 4.622395819459756E-4, 2.2791158951082584E-4, 2.283002846019879E-4, 0.0, 0.0, 2.95718360117946E-4, 0.0, 2.5882415373069983E-4, 0.0, 1.0920370963095181E-4, 0.0, 0.0, 0.0, 0.0, 0.0, 4.5667058148191574E-4, 1.1986254845715346E-4, 1.1484834999720899E-4, 2.4704520123952455E-4, 0.0, 1.7478508825356665E-4, 0.0, 1.8298386908516975E-4, 0.0, 2.8548050698119223E-4, 0.0, 0.0, 1.3565367375287102E-4, 5.161347434647379E-4, 5.078405111502915E-4, 1.5984976884750622E-4, 0.0, 0.0, 0.0, 0.0, 0.03808824437307479, 0.0, 0.0, 2.7679157116791914E-4, 0.0, 0.0, 5.136546190687384E-4, 0.0, 0.0, 1.1142982455938318E-4, 1.6603477244570605E-4, 0.0, 0.0, 4.991930899898103E-4, 0.0, 7.898242434729388E-4, 1.0587551905392488E-4, 2.146017827989966E-4, 2.0876089985028174E-4, 1.3014500286991415E-4, 1.7337438604918045E-4, 5.318056446161552E-4, 0.0, 0.0, 2.3261788863289653E-4, 1.2534864575121127E-4, 5.553017978389566E-4, 7.160655179323659E-4, 6.205627456038379E-4, 0.0016627825108167695, 0.0032653453760407938, 8.281790844717417E-4, 1.426743383557279E-4, 0.0, 0.0, 0.004227947680601916, 0.004577682715612432, 1.2696320752354317E-4, 0.0030999143887237347, 3.5506156904541934E-4, 0.0, 2.562005226645301E-4, 0.021282844603098094, 0.0, 3.7714927365344487E-4, 9.970454055678021E-5, 0.02283455661017792, 8.816877057836121E-5, 0.0, 0.0, 1.683952672632853E-4, 2.3759992571930851E-4, 0.0032340375377574856, 0.0, 2.5856795662845377E-4, 2.616878116717525E-4, 4.790801361702253E-4
0.031708750279779534, 0.020064092441742412, 0.0029615282876802825, 5.28341645977123E-4, 0.006810711801017156, 2.983796814992096E-4, 0.00999896751223682, 3.604117740377415E-4, 0.006239962799361606, 7.957670045011403E-4, 3.530469911675801E-4, 0.002115386081488937, 0.001319213360809376, 0.0, 8.115337306415012E-4, 1.565407348164156E-4, 7.066626433818453E-4, 3.150852970550466E-4, 0.0, 0.0, 0.0, 4.385426906983493E-4, 3.22797311422346E-4, 0.15118892796598707, 0.0, 0.047594705473872276, 0.049877071575073505, 3.070411333678502E-4, 3.075647810751962E-4, 0.0, 0.0, 0.0, 0.0, 3.4868635541973587E-4, 0.12660622311614556, 1.4711858596145843E-4, 0.0, 0.0, 0.0, 0.0, 0.0, 2.0016393879276662E-4, 1.6147811002342698E-4, 1.5472301177951102E-4, 0.0, 0.0, 2.3546942789684538E-4, 0.0, 0.0, 0.0, 0.0, 0.0, 0.0, 1.8275181979113733E-4, 2.2622776107986996E-4, 2.2259230419553467E-4, 2.1534865471681443E-4, 0.0, 0.0, 0.0, 0.0, 0.0, 0.0, 0.0, 0.0, 0.0, 0.0, 3.397449124452528E-4, 0.0, 0.0, 1.5011759470910354E-4, 0.0, 0.0, 6.443028711362872E-4, 2.1880204060057085E-4, 0.0, 5.219504247728022E-4, 1.426348674764623E-4, 2.891102411895349E-4, 0.01169126021613692, 1.753305712496137E-4, 2.335689383052062E-4, 2.3255173687776327E-4, 0.04854934066445389, 0.0, 0.0, 1.6886894756068963E-4, 4.419305800032959E-4, 0.01301075237234593, 4.941012651719072E-4, 0.0035669433121482278, 0.013273147822408238, 0.01629001550900018, 0.010395031545129349, 0.0, 0.0, 0.0056958658857948225, 0.00976178448926431, 1.710440755457702E-4, 0.004176186166310913, 0.08193652855351126, 0.003115438104025978, 3.4515181530343525E-4, 1.9705925256201394E-4, 0.0, 5.080932508959343E-4, 0.002895371582382808, 2.1142665569862953E-4, 1.1878044159199764E-4, 0.0, 6.768313109452946E-4, 2.2686109918883786E-4, 3.2009320209452636E-4, 0.004356876072333581, 7.429318970697312E-4, 3.4834120821239985E-4, 3.5254425830956194E-4, 6.45413900624579E-4
