0.0, 0.0, 0.0, 0.0, 6.144866647514506E-4, 1.7080039788189974E-4, 0.0026122099674934854, 0.0, 0.0, 0.0, 0.0, 0.0, 0.0, 4.327075200663248E-4, 0.0, 0.0010786850300718545, 7.186758499782142E-4, 0.0, 0.0, 0.006119695037324039, 0.0, 0.0047615547563932105, 5.370766207885386E-4, 0.0, 0.0, 0.0, 0.0, 0.0, 0.0, 0.011536809627960505, 0.004093927578865075, 0.018900817546783893, 2.0861109554268798E-4, 0.016987580568921527, 0.0, 0.03274038586377212, 0.01594226812566244, 0.010444463805073185, 4.063856899539361E-4, 5.053616238214792E-4, 9.291402213918741E-4, 0.002576123747249534, 0.0, 0.04225244978807437, 0.0, 0.0, 0.0, 3.763983620708047E-4, 0.0, 0.0, 0.0, 0.0029404511074540896, 0.0, 0.001249562192391585, 3.4854810349707735E-4, 0.0, 2.8593353910491017E-4, 0.012889547589281144, 0.0, 0.0, 0.0, 2.2622524067706807E-4, 0.0, 0.0, 0.0013259189852801892, 0.0, 3.255271092052957E-4, 0.0014498681660266369, 0.0, 0.0, 0.0, 0.003054866729032848, 0.0, 0.0, 0.0, 3.069814068274324E-4, 0.023922389461375825, 0.001208258749062785, 0.0, 0.010444463805073185, 0.0, 5.053616238214792E-4, 9.504764176355707E-4, 0.0, 0.0, 0.0015524684523409806, 2.0225445654948216E-4, 4.88801077648777E-4, 0.029607427003904473, 0.0, 0.0, 7.702608421716127E-4, 0.06444815958001222, 0.0, 0.0, 0.0019415532030384935, 5.695927949242886E-4, 9.740684050007842E-4, 0.001256860789368427, 0.00546125087347814, 0.0, 6.547064150460532E-4, 0.0, 6.000000077588975E-4, 5.612910141011371E-4, 0.0011339124713798015, 0.0, 0.0, 0.0, 0.0, 0.0, 7.007576574064598E-4
0.0, 0.0, 0.0, 0.08476653239130463, 0.0, 0.0019088891717044753, 0.0, 0.0, 0.0, 0.0, 0.0, 0.0, 0.0, 0.0017409599481770616, 0.0022844103173928617, 0.0020294121104343166, 0.0, 0.0, 0.0, 0.0, 0.0, 0.0, 0.0021608796763037666, 0.0, 0.0, 0.0, 0.0, 0.0, 0.0, 0.0, 0.0, 0.0, 0.0, 0.0, 0.0, 0.0, 0.0, 0.0, 0.01021910264024385, 0.0, 0.0, 0.012541411807297412, 0.0, 0.0, 0.0, 0.0, 0.0, 0.0, 0.0, 0.0, 0.0, 0.0, 0.0, 0.0, 0.0, 0.0, 0.0, 0.0045367366014510925, 0.0, 0.0, 0.0, 0.0, 0.0, 0.0, 0.0, 0.0, 0.0, 0.0, 0.0, 0.0, 0.0, 0.0, 0.0, 0.0, 0.0, 0.0, 0.0, 0.0, 0.0, 0.0, 0.009148658395235867, 0.0, 0.0, 0.0, 0.013075765084799002, 0.0, 0.0, 0.0, 0.0, 0.0, 0.0, 0.0, 0.0, 0.0, 0.0, 0.001994250469255903, 0.0, 0.0, 0.0, 0.0019534810086486148, 0.0, 0.0, 0.0, 0.0, 0.0, 0.0, 0.0, 0.0, 0.0, 0.0, 0.0, 0.0015162298469266228
0.0, 0.0, 0.0, 0.0, 0.0163014417680377, 0.0, 0.0, 0.002185604083284842, 0.008020687240629418, 0.0, 0.0, 0.0, 0.0, 0.0012754560198283231, 0.0, 0.0, 0.0, 0.0, 0.00293656026409941, 0.0, 0.0, 0.0032001531302964367, 0.0, 0.0, 0.0, 0.0, 0.0, 0.003849286203833462, 0.0023494155705734536, 0.0, 0.002751453217905635, 0.04619410360561474, 0.0, 0.0, 0.0, 0.0, 0.0, 0.0, 0.0, 0.0, 0.0, 0.0, 0.0, 0.0, 0.0, 0.0, 0.03365808203331795, 0.0, 0.0, 0.041456415255762845, 0.0, 0.0, 0.0, 0.0, 0.0, 0.0, 0.0, 0.0, 0.0, 0.0, 0.0, 0.00937723153451484, 0.0, 0.0, 0.0, 0.0, 0.01349337971591242, 0.0, 0.0, 0.0, 0.0, 0.008779339847169046, 0.0, 0.0, 0.0, 0.0, 0.0, 0.0, 0.0, 0.0, 0.0, 0.0, 0.0, 0.0, 0.0, 0.0, 0.0, 0.0, 0.0, 0.0, 0.01751964620097621, 0.0, 0.00272409350623813, 0.0, 0.0, 0.0, 0.0035648379746316956, 0.0, 0.0, 0.02155673392447691, 0.0, 0.0, 0.0, 0.046000510690889417, 0.0, 0.0, 0.02759182167071716, 0.0, 0.0, 0.0, 0.02151178552408439, 0.0011108150349644088
0.0, 0.08476653239130463, 0.0, 0.0, 0.016970500051368208, 0.0, 0.0, 0.0, 0.0, 0.0, 0.037303559524689056, 0.0, 0.0, 0.0, 0.008256875315246283, 0.0, 0.0, 0.013614306438709867, 0.012172573014334788, 0.006784354015947486, 0.0, 0.0066326065417104466, 0.0, 0.0, 0.0, 0.0, 0.0, 0.0, 0.08640759557100221, 0.0, 0.0, 0.0, 0.0, 0.0, 0.0, 0.0, 0.0, 0.0, 0.0, 0.0, 0.0, 0.0, 0.0, 0.0, 0.0, 0.0, 0.0, 0.0, 0.0, 0.0, 0.0, 0.0, 0.0, 0.0, 0.01696119813582309, 0.0, 0.0, 0.0, 0.0, 0.0, 0.0, 0.0, 0.0, 0.0, 0.0, 0.0, 0.013149844323954305, 0.0, 0.013339516462051983, 0.0, 0.0, 0.0, 0.0, 0.0, 0.0, 0.0, 0.0, 0.0, 0.0, 0.0, 0.0, 0.0, 0.0, 0.0, 0.0, 0.0, 0.0, 0.019745384930165297, 0.0, 0.0, 0.0, 0.0, 0.0, 0.0, 0.0, 0.0, 0.0, 0.0, 0.0, 0.013409019835826146, 0.014756745822971502, 0.0, 0.007857411738243232, 0.0, 0.014561525274788665, 0.0, 0.0, 0.0, 0.0, 0.0, 0.0, 0.0
6.144866647514506E-4, 0.0, 0.0163014417680377, 0.016970500051368208, 0.0, 0.0, 0.0, 0.0, 0.0, 0.0, 0.022032190805649363, 0.0, 0.0, 0.0, 0.0, 0.0, 0.0, 0.0047846487125348, 0.003594676415129019, 0.006428958100250591, 0.0, 0.0, 0.0, 0.0, 0.0, 0.0, 0.05984841584834781, 0.0, 0.00824693386074169, 0.009049231312642497, 5.388935679966776E-4, 7.385694206806972E-4, 0.001536148684082304, 0.0, 0.009442740845736396, 0.0, 0.001606659040230529, 0.0, 0.015149534633907696, 0.0, 8.867110313663031E-4, 0.0, 0.004123210122018175, 0.0, 0.0, 0.0, 0.0, 0.0, 0.0, 0.0, 0.0, 0.0, 0.0, 8.768389209074622E-4, 0.01001760578299648, 0.0051969257339564675, 0.0, 0.0, 0.0, 0.0, 0.0, 0.0, 0.0, 0.0, 0.0012653708922262794, 0.0, 0.012135230981534996, 0.002161033942662167, 0.0, 0.0, 0.0, 0.0, 0.0014674967651562758, 0.0, 0.0, 0.0, 8.686542085987803E-4, 0.0011530836109256727, 0.0, 0.0, 0.0, 0.0, 9.070729101668364E-4, 0.0, 0.0, 0.005597061025850522, 0.0, 0.0, 0.0, 0.0, 0.0, 7.350868793086144E-4, 5.335349551211568E-4, 0.0, 0.0, 0.0, 0.0, 0.0, 0.0, 0.007919621808319142, 0.028325746719632488, 0.0, 0.0, 0.01034260567506689, 0.0, 0.0, 0.0, 0.0, 0.0, 0.0, 0.01934656043601548, 0.0
1.7080039788189974E-4, 0.0019088891717044753, 0.0, 0.0, 0.0, 0.0, 0.03063074940817786, 0.0, 0.011719853646580508, 0.0, 0.0, 0.01625985161329929, 0.003765575809152003, 8.856593416534593E-4, 0.035154216230868535, 0.001166199522198349, 0.0, 0.022627160911797926, 0.03811998325680833, 0.008910094579948449, 0.0, 0.0, 0.0010992804708180994, 0.0, 0.0, 0.0, 0.0, 0.0, 0.0, 0.0, 0.0, 0.0037693520072375, 1.5371355594694723E-4, 0.004194216205669282, 0.0, 0.0, 4.465808927569207E-4, 3.3027575066158334E-4, 2.994423155022956E-4, 0.006837163787011031, 0.0, 0.0063800540249569744, 0.007162949680082111, 0.002346515043106677, 0.0, 0.0, 0.0, 2.7734637285709756E-4, 0.0, 0.0, 0.0, 0.0, 0.0, 0.004475022190196245, 2.568251140608051E-4, 0.0, 2.1068803145860184E-4, 0.02103718834352959, 0.0, 0.0, 0.0, 1.666924096197479E-4, 0.0, 0.0, 0.0, 0.0, 2.3986226323631466E-4, 0.0, 0.0, 0.0, 0.0, 0.0, 0.0, 0.0, 0.0, 2.2619699844002406E-4, 2.414478506388257E-4, 0.0, 0.0, 3.3027575066158334E-4, 0.0, 0.006837163787011031, 0.0, 0.0, 0.006651889670836115, 0.007149531215129988, 1.490297131198204E-4, 3.601694895500823E-4, 0.0, 0.0, 0.0, 0.0, 0.0, 0.0, 0.0, 0.023972537169146088, 0.013477042130371854, 0.0, 0.0, 0.005985157121834251, 0.0, 0.0, 0.0, 0.0, 0.0, 0.0, 0.006207641167132974, 0.0, 0.0, 0.0, 0.0027436209381920327, 7.713348773074614E-4
0.0026122099674934854, 0.0, 0.0, 0.0, 0.0, 0.03063074940817786, 0.0, 0.0, 0.005384696890280572, 0.1350030593231506, 0.0034842921012040195, 0.04814388523394337, 0.011149514393307676, 0.0, 0.1316158028857278, 0.0, 0.003527888837747642, 0.0, 0.0060376049765395404, 0.0027254079219586587, 0.0, 0.0, 0.0026364411932758634, 0.0, 0.0, 0.0, 0.0, 0.08013108294530884, 0.0, 0.002735550735446284, 0.0, 0.003799026408219506, 0.0028445707763863582, 0.007416888734291107, 0.0, 0.0, 0.006829978582124791, 0.0, 0.0, 0.0, 0.0, 0.005620384713453691, 0.0, 0.0, 0.0, 0.0, 0.0, 0.0, 0.0, 0.0, 0.0, 0.0, 0.0038046487030621353, 0.0, 0.0, 0.015036613178144052, 0.0, 0.0, 0.004073666205117427, 0.0, 0.0, 0.0, 0.0, 0.0, 0.0, 0.0, 0.0, 0.0, 0.0, 0.0, 0.0, 0.002806085574911716, 0.0, 0.0, 0.0, 0.0, 0.008160839217338619, 0.0, 0.0, 0.0, 0.0, 0.0, 0.0, 0.0, 0.0, 0.0, 0.008618416169899275, 0.0, 0.009083694620866717, 0.0034828799048598267, 0.005763298203460003, 0.0, 0.0, 0.0, 0.0, 0.0, 0.0, 0.0, 0.0, 0.006833829958223578, 0.0, 0.0, 0.0, 0.0, 0.0, 0.0, 0.0, 0.18821416745256003, 0.0, 0.0, 0.03922176842671458, 0.013090847374682848
0.0, 0.0, 0.002185604083284842, 0.0, 0.0, 0.0, 0.0, 0.0, 0.0, 0.008054270074790194, 0.007506508590379345, 0.00933484420442696, 0.0, 0.03398917076562652, 0.0, 0.0, 0.0, 0.0, 0.0, 0.0, 0.0, 0.04254241501067761, 0.0, 0.0, 0.0, 0.0, 0.0, 0.01108262826802579, 0.010978967739440666, 0.0, 0.0, 0.0, 0.033365200897347735, 0.0, 0.0, 0.0, 0.0, 0.0, 0.0, 0.0, 0.0, 0.0, 0.0, 0.0, 0.0, 0.0, 0.0, 0.0, 0.0, 0.0, 0.0, 0.0, 0.0, 0.0, 0.0, 0.0, 0.0, 0.0, 0.0, 0.0, 0.0, 0.0, 0.0, 0.0, 0.038172080811095147, 0.0, 0.0, 0.0, 0.0, 0.0, 0.0, 0.0022125381945991246, 0.0, 0.0, 0.0, 0.0, 0.0, 0.0, 0.0, 0.0, 0.0, 0.0, 0.0, 0.0, 0.0, 0.0, 0.0, 0.0, 0.0, 0.0, 0.0, 0.0, 0.0, 0.0, 0.0, 0.0, 0.0, 0.0, 0.04577551772862325, 0.0015531063391909532, 0.0, 0.0, 0.0, 0.0, 0.0, 0.0, 0.002994302448749009, 0.056543644301202914, 0.0, 0.0, 0.0, 0.0012054717586229943
0.0, 0.0, 0.008020687240629418, 0.0, 0.0, 0.011719853646580508, 0.005384696890280572, 0.0, 0.0, 0.0, 0.0, 0.010014835996467348, 0.012627350331166284, 0.04063599088801131, 0.004265659388167121, 0.011445847211107519, 0.0, 0.002092584961398454, 0.004620183839316576, 0.007622142806898767, 0.0, 0.0, 0.0, 0.0, 0.0, 0.0, 0.0, 0.0, 0.0, 0.0, 0.0, 0.0, 0.0043535275931169196, 0.0, 0.0, 0.0, 0.0, 0.0, 0.0, 0.0, 0.0, 0.0, 0.0, 0.010054280915338519, 0.0, 0.0, 0.0, 0.0, 0.0, 0.0, 0.0, 0.0, 0.0, 0.0, 0.0, 0.0, 0.0, 0.010458529063887556, 0.0, 0.0, 0.0, 0.0, 0.0, 0.0, 0.0, 0.0, 0.010614782142116157, 0.0, 0.0, 0.0, 0.0, 0.0, 0.0, 0.0, 0.0, 0.0, 0.0, 0.0, 0.0, 0.0, 0.0, 0.0, 0.0, 0.0, 0.0, 0.0, 0.0, 0.0, 0.0, 0.0, 0.0, 0.0, 0.0, 0.0, 0.0, 0.0, 0.015268054772846037, 0.0, 0.010618380783227787, 0.01128280117112591, 0.0, 0.0, 0.0, 0.0, 0.0, 0.0, 0.0, 0.0, 0.0, 0.0, 0.009200362578884264, 0.0
0.0, 0.0, 0.0, 0.0, 0.0, 0.0, 0.1350030593231506, 0.008054270074790194, 0.0, 0.0, 0.008519154052638055, 0.004793994680220387, 0.0, 0.002350120804307503, 0.0, 0.03521613177267124, 0.0023612385044948486, 0.0, 0.0, 0.0, 0.0, 0.0021578317636280014, 0.0, 0.04732922666157904, 0.004260837167374989, 0.0, 0.003662992985795598, 0.09738127122460116, 0.004328969658328037, 0.0, 0.0, 0.008238388856640149, 0.0, 0.0, 0.0, 0.0, 0.0, 0.0, 0.0, 0.0, 0.0, 0.0, 0.0, 0.0, 0.0, 0.0, 0.0, 0.0, 0.0, 0.0, 0.0, 0.0, 0.0, 0.009780719039809016, 0.0, 0.0, 0.0, 0.0, 0.0, 0.0, 0.0, 0.0, 0.0, 0.0, 0.0, 0.0, 0.0, 0.0, 0.0, 0.0, 0.0, 0.0, 0.0, 0.0, 0.0, 0.05673373870398367, 0.0, 0.0, 0.0, 0.0, 0.0, 0.0, 0.0, 0.0, 0.0, 0.0, 0.0, 0.0, 0.0, 0.0, 0.07811259812868038, 0.0, 0.0, 0.0, 0.0, 0.0, 0.0, 0.0, 0.0, 0.0015952239512185954, 0.0, 0.011714792024561424, 0.0, 0.0, 0.0, 0.0, 0.0, 0.02581200538484149, 0.0, 0.0, 0.0, 0.0
0.0, 0.0, 0.0, 0.037303559524689056, 0.022032190805649363, 0.0, 0.0034842921012040195, 0.007506508590379345, 0.0, 0.008519154052638055, 0.0, 0.004467960710920738, 0.0, 0.0021902918380127725, 0.0, 0.0030890469508856296, 0.006183836156334356, 0.01658026872699624, 0.016608868495972127, 0.0, 0.0, 0.006567433614891363, 0.0013321093286591146, 0.0, 0.01296800135778383, 0.0, 0.01788871610082837, 0.00330511598336665, 0.032612705431617595, 0.0, 0.0, 0.0019195264173229773, 0.009432087942938382, 0.0, 0.0, 0.0, 0.0, 0.0, 0.0, 0.0, 0.003600848989232932, 0.013744634215416357, 0.0, 0.0, 0.0, 0.0, 0.0, 0.0, 0.0, 0.0, 0.0, 0.0, 0.0, 0.0, 0.0347140628000671, 0.0, 0.006156249924923664, 0.0, 0.002058293114035899, 0.0, 0.0, 0.0, 0.0, 0.0, 0.0, 0.0, 0.0, 0.0, 0.0, 0.0, 0.0, 0.0, 0.0, 0.0, 0.0, 0.0, 0.002257614049857888, 0.0, 0.0, 0.0, 0.0, 0.0, 0.0036835366384266126, 0.0, 0.014330253319064219, 0.0, 0.0, 0.0, 0.0, 0.0017597877106821868, 0.0029120100688208557, 0.0, 0.0, 0.0, 0.0, 0.0, 0.0, 0.0, 0.0, 0.03376252993817491, 0.0, 0.00840904808942529, 0.0, 0.0, 0.0, 0.0, 0.0, 0.0, 0.0, 0.0, 0.0, 0.0
0.0, 0.0, 0.0, 0.0, 0.0, 0.01625985161329929, 0.04814388523394337, 0.00933484420442696, 0.010014835996467348, 0.004793994680220387, 0.004467960710920738, 0.0, 0.0, 0.0027237740187604255, 0.07024528492297326, 0.018796381338029328, 0.0, 0.0034364450434477526, 0.024447871161596222, 0.02080543383490613, 0.0, 0.008102955946640926, 0.0, 0.008776680257290425, 0.0, 0.0, 0.0, 0.012165991357502806, 0.005017246373779724, 0.008319189263077773, 0.006966824181900182, 0.009548236619595382, 0.0, 0.0, 0.0, 0.0, 0.0, 0.0, 0.0, 0.0, 0.01146341359880268, 0.0, 0.0, 0.005944013936613722, 0.0, 0.0, 0.0, 0.0, 0.0, 0.0, 0.0, 0.0, 0.0, 0.0, 0.0, 0.0, 0.0, 0.0, 0.0, 0.0, 0.00877971311083571, 0.0, 0.0, 0.0, 0.0, 0.0, 0.0, 0.0, 0.0, 0.0, 0.0, 0.0, 0.0, 0.0, 0.0, 0.0, 0.011229974721488343, 0.0, 0.0, 0.0, 0.0, 0.0, 0.011726652275307631, 0.0, 0.0, 0.0, 0.0, 0.0, 0.0, 0.0, 0.0, 0.0, 0.0, 0.0, 0.0, 0.0, 0.0, 0.0, 0.0, 0.006112536733622616, 0.0, 0.0, 0.0, 0.0, 0.0, 0.0, 0.0, 0.0, 0.0, 0.0, 0.0, 0.0
0.0, 0.0, 0.0, 0.0, 0.0, 0.003765575809152003, 0.011149514393307676, 0.0, 0.012627350331166284, 0.0, 0.0, 0.0, 0.0, 0.0, 0.0, 0.0, 0.0, 0.0, 0.004783259602705658, 0.0, 0.05994628283679454, 0.0, 0.0, 0.0, 0.0, 0.0, 0.0, 0.0, 0.0, 0.0, 0.0, 0.0, 0.00901438271274542, 0.0, 0.0, 0.0, 0.0, 0.0, 0.0, 0.0, 0.0, 0.0, 0.0, 0.0, 0.0, 0.0, 0.0, 0.0, 0.0, 0.0, 0.0, 0.0, 0.0, 0.0, 0.0, 0.0, 0.0, 0.0, 0.0, 0.0, 0.0, 0.0, 0.0, 0.0, 0.0, 0.0, 0.0, 0.0, 0.0, 0.0, 0.0, 0.0, 0.0, 0.0, 0.0, 0.0, 0.0, 0.0, 0.0, 0.0, 0.0, 0.0, 0.0, 0.0, 0.0, 0.0, 0.0, 0.0, 0.0, 0.0, 0.0, 0.0, 0.0, 0.0, 0.0, 0.0, 0.0, 0.0, 0.021986342367741163, 0.0038535400267564065, 0.0, 0.0, 0.0, 0.0, 0.0, 0.0, 0.0, 0.0, 0.0, 0.0, 0.01905020414093809, 0.0
4.327075200663248E-4, 0.0017409599481770616, 0.0012754560198283231, 0.0, 0.0, 8.856593416534593E-4, 0.0, 0.03398917076562652, 0.04063599088801131, 0.002350120804307503, 0.0021902918380127725, 0.0027237740187604255, 0.0, 0.0, 0.0010598883202642816, 0.020347497694978532, 4.829652486230722E-4, 0.0, 0.0, 0.0, 0.0, 4.413606470602232E-4, 0.0013635010810639113, 0.0, 0.0, 0.0, 0.0, 0.004452628317350362, 0.003947447843240396, 0.0, 0.0010541016174038464, 0.013002094298858107, 0.0, 0.010625671342007299, 0.0, 0.002444691797373887, 0.0, 8.367240520460316E-4, 0.0, 0.0, 0.0, 0.0, 0.0, 3.2376503765719805E-4, 0.0019923020412771063, 0.0, 0.0, 0.0, 0.0, 0.0, 0.0, 0.0, 0.0, 0.0, 0.0, 0.0, 0.0, 0.0, 0.0, 0.0, 0.0, 0.0, 0.0, 0.0, 0.0, 0.0, 0.0, 5.478303257487653E-4, 0.0, 0.0, 0.0, 0.0017559966355013062, 0.0, 0.0, 0.0, 0.0, 0.0, 0.0, 0.0, 8.367240520460316E-4, 0.0, 0.0, 0.0, 0.0, 0.0, 0.0, 0.0010487595524101257, 0.002534603232770304, 0.01989681209472066, 0.0013244543349494953, 0.0, 0.012940786140069509, 3.7570316907130027E-4, 0.0, 0.0, 0.0015914541945459602, 0.0, 0.0, 4.749028027475884E-4, 0.00246526772993331, 0.0, 0.0, 0.0, 0.0014386227079853187, 0.0013458099803866695, 0.0, 0.001747389251626816, 0.0, 0.0, 0.0, 0.0, 0.0014069576672440297
0.0, 0.0022844103173928617, 0.0, 0.008256875315246283, 0.0, 0.035154216230868535, 0.1316158028857278, 0.0, 0.004265659388167121, 0.0, 0.0, 0.07024528492297326, 0.0, 0.0010598883202642816, 0.0, 0.034260322249369646, 0.0, 0.0, 0.0, 0.005331454620072519, 0.0, 0.0, 0.0013155334979468999, 0.0, 0.0, 0.0, 0.0, 0.00809673382145215, 0.0, 0.0, 0.0, 0.0, 0.0, 0.0, 0.0, 0.0, 0.0, 0.0, 0.0, 0.0, 0.0, 0.0, 0.0, 0.023896693239865586, 0.0, 0.0, 0.0, 0.05186040632276749, 0.0, 0.0, 0.0, 0.0, 0.0, 0.0, 0.0, 0.0, 0.0, 0.0, 0.0, 0.0, 0.0, 0.0, 0.0, 0.0, 0.0, 0.0, 0.007176213226682151, 0.0, 0.007279722262425651, 0.0, 0.0, 0.0, 0.0, 0.0, 0.0, 0.0, 0.0, 0.0, 0.0, 0.0, 0.0, 0.0, 0.0, 0.0, 0.0, 0.0, 0.0, 0.010775571863133108, 0.0, 0.0, 0.0, 0.0, 0.0, 0.0, 0.0, 0.0012140904115910916, 0.0, 0.0, 0.0, 0.0011892701535682775, 0.0, 0.0, 0.0, 0.009556465148447142, 0.0, 0.0, 0.0, 0.010824382536554353, 0.0, 0.0, 0.0, 9.230736797112039E-4
0.0010786850300718545, 0.0020294121104343166, 0.0, 0.0, 0.0, 0.001166199522198349, 0.0, 0.0, 0.011445847211107519, 0.03521613177267124, 0.0030890469508856296, 0.018796381338029328, 0.0, 0.020347497694978532, 0.034260322249369646, 0.0, 0.0162014768604927, 0.02531039889188863, 0.004335704415240942, 0.014305646429150045, 0.0, 0.01480581538912961, 0.001589413707879258, 0.0, 0.002821954001105524, 0.0, 0.0024260015828428474, 0.0, 0.0, 0.0, 0.0, 2.1825151709312237E-4, 1.6341868171325757E-4, 0.0, 0.0, 0.0, 4.7477699883446766E-4, 0.0020858470615550523, 3.183484250760536E-4, 3.958827316377229E-4, 0.0, 0.0, 0.0, 8.071052227794392E-4, 0.0, 0.0, 0.0, 2.9485739465882557E-4, 0.0, 0.0, 0.0, 0.0, 0.0, 2.5911095067810124E-4, 2.7304047006211564E-4, 0.0, 2.239903965633933E-4, 2.8265944729220956E-4, 0.0, 0.0, 0.0, 1.7721699081027953E-4, 0.0, 0.0, 0.0, 0.0, 2.5500662325686957E-4, 0.001135776329316134, 0.0, 0.0, 0.0, 0.0013855280903701057, 0.0, 0.0, 0.0, 2.4047856459271923E-4, 2.5669232105667147E-4, 0.0, 0.0, 0.0020858470615550523, 0.0, 3.958827316377229E-4, 0.0, 0.0, 0.0, 0.0, 1.5843911165877686E-4, 3.8290977534815326E-4, 0.0, 0.0, 0.0, 0.0, 7.789177528589963E-4, 0.0, 0.0, 0.002599512386464115, 4.461991986464103E-4, 7.630513335336495E-4, 9.84581058650559E-4, 0.01029272111785431, 0.0, 0.0023427589216779066, 0.0, 4.700191523410086E-4, 4.3969587208814387E-4, 8.882676195580917E-4, 0.0, 0.0, 0.0, 0.0, 0.0, 8.200352144123696E-4
7.186758499782142E-4, 0.0, 0.0, 0.0, 0.0, 0.0, 0.003527888837747642, 0.0, 0.0, 0.0023612385044948486, 0.006183836156334356, 0.0, 0.0, 4.829652486230722E-4, 0.0, 0.0162014768604927, 0.0, 0.015233307933743166, 0.0, 0.0, 0.004301130391890835, 0.01307777400754731, 0.0019482336864848236, 0.0, 0.0040207500039231995, 0.0, 0.003456592797016436, 0.0, 0.0, 0.0, 0.0, 0.0019435442335891953, 0.001455254198159975, 0.009926988390336637, 0.0, 0.0, 0.0, 0.0013896993729372344, 0.0, 0.0, 0.0, 0.0, 0.0, 5.377353127485516E-4, 0.0, 0.0, 0.0, 0.0, 0.0, 0.0, 0.0, 0.0, 0.0, 0.0, 0.0, 0.0, 0.0, 0.0, 0.0020840472299411546, 0.0, 0.0, 0.0, 0.0, 0.0, 0.0, 0.0, 0.0, 9.098811708679993E-4, 0.0, 0.0, 0.0, 7.720152517434697E-4, 0.0, 0.0, 0.0, 0.0059485487933702424, 0.008635479203787662, 0.0, 0.0, 0.0013896993729372344, 0.0, 0.0, 0.0, 0.0, 0.0, 0.0, 0.003919196657201791, 0.0, 0.018588512321866046, 0.0017818068178542875, 0.002948446203362758, 0.0, 0.004523988302527494, 0.0, 0.0, 0.001106462758904204, 0.011483222684142714, 0.0, 7.887572080312935E-4, 0.0025891799908335784, 0.0, 0.002607239096119681, 0.0, 0.0, 0.0, 0.0, 0.0, 0.0, 0.0, 0.00957648113516059, 0.0, 0.029574995266156298
0.0, 0.0, 0.0, 0.013614306438709867, 0.0047846487125348, 0.022627160911797926, 0.0, 0.0, 0.002092584961398454, 0.0, 0.01658026872699624, 0.0034364450434477526, 0.0, 0.0, 0.0, 0.02531039889188863, 0.015233307933743166, 0.0, 0.005539913175903057, 0.0026154272399925072, 0.0, 0.017401310616221338, 0.0, 0.0, 0.0, 0.0, 0.0, 0.0, 0.00620620894177263, 0.0, 0.0, 0.0, 0.0, 0.0, 0.0, 0.0, 0.0, 0.0, 0.0, 0.0, 0.0, 0.0, 0.0, 0.0, 0.0, 0.0, 0.0, 0.0, 0.0, 0.0, 0.0, 0.0, 0.0, 0.0, 0.007538723559011856, 0.0, 0.0, 0.0, 0.0, 0.0, 0.0, 0.0, 0.0, 0.0, 0.0, 0.0, 0.0, 0.0, 0.0, 0.0, 0.0, 0.0, 0.0, 0.0, 0.0, 0.0, 0.0, 0.0, 0.0, 0.0, 0.0, 0.0, 0.0, 0.0, 0.0, 0.0, 0.0, 0.0, 0.0, 0.0, 0.0, 0.0, 0.0, 0.0, 0.0, 0.0, 0.0, 0.0, 0.0, 0.0075610558674924395, 0.0, 0.0, 0.004122942057149488, 0.0, 0.007640725339549844, 0.0, 0.0, 0.0, 0.0, 0.0, 0.0, 0.0
0.0, 0.0, 0.00293656026409941, 0.012172573014334788, 0.003594676415129019, 0.03811998325680833, 0.0060376049765395404, 0.0, 0.004620183839316576, 0.0, 0.016608868495972127, 0.024447871161596222, 0.004783259602705658, 0.0, 0.0, 0.004335704415240942, 0.0, 0.005539913175903057, 0.0, 0.006817187338815348, 0.0, 0.00666470547279918, 0.0, 0.0, 0.0, 0.0, 0.0, 0.034377082126860574, 0.0, 0.0, 0.002426922509180443, 0.0, 0.0, 0.0, 0.0, 0.0, 0.0, 0.0, 0.0, 0.0, 0.0, 0.0, 0.0, 0.004058419625408496, 0.0, 0.0, 0.0, 0.0, 0.0, 0.0, 0.0, 0.0, 0.0, 0.0077397832731495924, 0.0, 0.0, 0.0, 0.0, 0.0, 0.0, 0.0, 0.0, 0.0, 0.0, 0.0, 0.0, 0.0, 0.0, 0.0, 0.0, 0.0, 0.005945497443706298, 0.0, 0.0, 0.0, 0.0, 0.0, 0.0, 0.0, 0.0, 0.0, 0.0, 0.0, 0.00582343121211938, 0.0, 0.0, 0.0, 0.0, 0.0, 0.0, 0.0, 0.0, 0.0024027898437008173, 0.0, 0.0, 0.0, 0.0031443694793402083, 0.0, 0.0, 0.020461657996443006, 0.008547999302253181, 0.0, 0.007828559187928755, 0.0, 0.008434915758654111, 0.0, 0.0, 0.0, 0.0, 0.0, 0.0034851114049797107, 0.0
0.006119695037324039, 0.0, 0.0, 0.006784354015947486, 0.006428958100250591, 0.008910094579948449, 0.0027254079219586587, 0.0, 0.007622142806898767, 0.0, 0.0, 0.02080543383490613, 0.0, 0.0, 0.005331454620072519, 0.014305646429150045, 0.0, 0.0026154272399925072, 0.006817187338815348, 0.0, 0.0, 0.004282666195119917, 0.0, 0.006679800878931422, 0.0, 0.0, 0.0, 0.006131194643151125, 0.0, 0.0013081841495487271, 5.89149591485297E-4, 8.074467730152013E-4, 0.00167940651630369, 0.013104648333115827, 0.0017028206175125227, 0.0, 0.016000775800639314, 0.0, 0.0, 0.0, 9.694037430006673E-4, 0.002687757935261464, 0.00450773158793765, 0.0031415976734033833, 0.0, 0.0, 0.0, 0.0, 0.0, 0.0, 0.0, 0.003067873119738976, 0.0, 9.586109813324493E-4, 0.0, 0.005681579545515667, 0.0, 0.0, 0.0, 0.0, 0.006682109138681529, 0.0, 0.0, 0.0, 0.0013833765858513542, 0.0, 0.0, 0.0023625671934409246, 0.0, 0.0, 0.0, 0.0013419150388296341, 0.0016043522711021577, 0.0, 0.0, 0.0, 0.002715565217932421, 0.0012606176407906943, 0.0, 0.0, 0.0, 0.0, 9.916645256294206E-4, 0.0, 0.0, 0.006119030570649607, 0.0, 0.0, 0.0, 0.0, 0.0, 8.036394575292872E-4, 5.832912462126357E-4, 0.0, 0.0, 0.0, 0.0, 0.0, 0.0, 0.017878416463310506, 0.009528413315124712, 0.0, 0.0, 0.0, 0.0, 0.0, 0.017579449307126786, 0.0, 0.0, 0.0, 0.0, 7.311244098426481E-4
0.0, 0.0, 0.0, 0.0, 0.0, 0.0, 0.0, 0.0, 0.0, 0.0, 0.0, 0.0, 0.05994628283679454, 0.0, 0.0, 0.0, 0.004301130391890835, 0.0, 0.0, 0.0, 0.0, 0.0, 0.0, 0.0, 0.0, 0.0, 0.0, 0.0, 0.04293197467960788, 0.0, 0.0, 0.0, 0.0, 0.0, 0.0, 0.0, 0.0, 0.0, 0.0, 0.0, 0.0, 0.0, 0.0, 0.0, 0.0, 0.0, 0.0, 0.0, 0.0, 0.0, 0.0, 0.0, 0.0, 0.0, 0.0, 0.0, 0.0, 0.0, 0.0, 0.0, 0.0, 0.0, 0.0, 0.0, 0.0, 0.0, 0.0, 0.0, 0.0, 0.0, 0.0, 0.0, 0.0, 0.0, 0.0, 0.005103394352462778, 0.005447479877550972, 0.0, 0.0, 0.0, 0.0, 0.0, 0.0, 0.0, 0.0, 0.0, 0.003362367323748996, 0.0, 0.0, 0.0, 0.0, 0.0, 0.0033458894266809435, 0.0, 0.0, 0.0, 0.0, 0.0, 0.0, 0.0, 0.0, 0.0, 0.0, 0.0, 0.0, 0.0, 0.0, 0.0, 0.0, 0.0, 0.0, 0.0
0.0047615547563932105, 0.0, 0.0032001531302964367, 0.0066326065417104466, 0.0, 0.0, 0.0, 0.04254241501067761, 0.0, 0.0021578317636280014, 0.006567433614891363, 0.008102955946640926, 0.0, 4.413606470602232E-4, 0.0, 0.01480581538912961, 0.01307777400754731, 0.017401310616221338, 0.00666470547279918, 0.004282666195119917, 0.0, 0.0, 5.478168829508986E-4, 0.0, 0.00832478113482459, 0.0, 0.003158827758030953, 0.0, 0.0, 0.0, 0.007828516352509689, 0.0, 0.0020779572662324016, 0.009071837014794679, 0.0, 0.0, 0.010732528569902129, 0.0012699849858917216, 0.0, 0.0, 0.02518864263931084, 0.0, 0.0, 0.0035627413056610615, 0.0, 0.0, 0.0, 0.0, 0.0, 0.0, 0.0, 0.0029992531750683738, 0.0, 0.0, 0.0, 0.0, 0.005696319015984578, 0.0, 0.0, 0.0, 0.0, 0.0, 0.0, 0.0, 0.0, 0.0, 0.0, 8.315002859256013E-4, 0.0, 0.0, 0.0, 0.007184690606775571, 0.0, 0.0, 0.0, 0.0, 0.0, 0.0, 0.0, 0.0012699849858917216, 0.0, 0.0, 0.025767058910710218, 0.0, 0.0, 0.0, 0.0, 0.0, 0.016987221854276074, 0.0, 0.0, 0.0, 0.003188714778916315, 0.0, 0.0, 0.0010111475320642143, 0.013920626733850054, 0.0, 7.208104365740821E-4, 0.0023661374381856483, 0.0, 0.005398170694565973, 0.0049600406395970105, 0.0, 0.009192054526802627, 0.0, 0.0, 0.0, 0.0, 0.0, 0.0, 0.0
5.370766207885386E-4, 0.0021608796763037666, 0.0, 0.0, 0.0, 0.0010992804708180994, 0.0026364411932758634, 0.0, 0.0, 0.0, 0.0013321093286591146, 0.0, 0.0, 0.0013635010810639113, 0.0013155334979468999, 0.001589413707879258, 0.0019482336864848236, 0.0, 0.0, 0.0, 0.0, 5.478168829508986E-4, 0.0, 0.0, 0.0, 0.0, 0.0, 0.0, 0.0, 0.0, 0.0, 0.010530176056236813, 0.001087532031526851, 0.0, 0.0, 0.0, 0.019747405431691137, 0.0010385419840554073, 0.0, 0.041658866721313706, 0.019375187113896183, 0.0, 0.0, 4.0185719981882624E-4, 0.0, 0.0, 0.0, 0.0, 0.010724927988565116, 0.01042780291717808, 0.0, 0.0, 0.0, 0.0, 0.0, 0.0, 0.0, 0.008993843214049994, 0.001557437951831051, 0.0, 0.0, 0.0, 0.0, 0.0, 0.0, 0.0, 0.0, 6.799670596747025E-4, 0.0, 0.0, 0.0, 5.769379096517083E-4, 0.0, 0.0026148893583694877, 0.0, 0.0, 0.0017082570882926001, 0.0, 0.0, 0.0010385419840554073, 0.0, 0.041658866721313706, 0.0198201068203116, 0.034462376249229494, 0.0, 0.0, 0.0, 0.0, 0.0, 0.0013315694198715168, 0.00220341552248746, 0.011293667690019818, 4.663228141573092E-4, 0.0, 0.0, 0.0019753131186984628, 0.0, 0.0, 5.894494102242215E-4, 0.02471536613959513, 0.0, 0.0, 0.0, 0.00903969447141721, 0.0084564986856885, 0.0, 0.010979852375238599, 0.0, 0.0, 0.0, 0.0, 8.731580045109044E-4
0.0, 0.0, 0.0, 0.0, 0.0, 0.0, 0.0, 0.0, 0.0, 0.04732922666157904, 0.0, 0.008776680257290425, 0.0, 0.0, 0.0, 0.0, 0.0, 0.0, 0.0, 0.006679800878931422, 0.0, 0.0, 0.0, 0.0, 0.0, 0.1301598653423584, 0.0, 0.00649243538072457, 0.0, 0.0, 0.0, 0.0, 0.0, 6.141324640462813E-4, 0.0, 0.0, 0.0, 0.0, 0.0, 0.0, 9.022144472694806E-4, 0.0, 0.0015103083862315107, 4.678166064726273E-4, 0.0, 0.0, 0.0, 0.0, 0.0, 0.01918322611179583, 0.0, 0.0, 4.8166070017438865E-4, 0.0, 0.0, 0.0019036043001308398, 0.0, 0.0, 0.0, 0.0, 0.007075808927106935, 6.101927943009566E-4, 0.0, 0.0, 0.0, 0.0, 0.0, 0.0, 0.0, 0.0, 0.0, 0.0, 0.0, 0.0, 0.0, 0.0, 0.0, 0.0, 0.0, 0.0, 0.0, 0.0, 9.229323368384018E-4, 0.0, 0.0, 0.0015074791020605078, 5.455368801128659E-4, 0.0, 0.0011499770551051415, 0.0, 0.0, 0.0, 0.0, 0.0, 0.0, 0.0, 0.0, 0.0, 0.0, 0.0, 0.0, 0.0, 7.555001752450776E-4, 7.483333448265198E-4, 7.000546276195351E-4, 0.0, 0.0, 8.476195186645682E-4, 0.0, 0.0, 0.0, 0.0
0.0, 0.0, 0.0, 0.0, 0.0, 0.0, 0.0, 0.0, 0.0, 0.004260837167374989, 0.01296800135778383, 0.0, 0.0, 0.0, 0.0, 0.002821954001105524, 0.0040207500039231995, 0.0, 0.0, 0.0, 0.0, 0.00832478113482459, 0.0, 0.0, 0.0, 0.0, 0.0062373957708940254, 0.0, 0.0, 0.0, 0.0, 0.0, 0.020515588150611486, 0.0, 0.0, 0.0, 0.0, 0.0, 0.0, 0.0, 0.006579006647748992, 0.0, 0.0, 0.0, 0.0, 0.0, 0.2555361402348083, 0.0, 0.0, 0.0, 0.0, 0.0, 0.0, 0.0, 0.0, 0.0, 0.011247905508502016, 0.0, 0.0, 0.0, 0.0, 0.0, 0.0, 0.0, 0.0, 0.0, 0.04553037108642154, 0.0, 0.0, 0.0, 0.0, 0.0, 0.0, 0.0, 0.0, 0.0966070050451855, 0.0, 0.0, 0.0, 0.0, 0.0, 0.0, 0.0067300828509884525, 0.0, 0.0, 0.0, 0.0, 0.0, 0.0, 0.0, 0.0, 0.0, 0.0, 0.0, 0.0, 0.0, 0.0, 0.0, 0.02001524715906109, 0.00271636969154572, 0.0, 0.05300187474697765, 0.0, 0.0, 0.0, 0.0, 0.0, 0.0, 0.0, 0.0172806883657384, 0.0, 0.0
0.0, 0.0, 0.0, 0.0, 0.0, 0.0, 0.0, 0.0, 0.0, 0.0, 0.0, 0.0, 0.0, 0.0, 0.0, 0.0, 0.0, 0.0, 0.0, 0.0, 0.0, 0.0, 0.0, 0.1301598653423584, 0.0, 0.0, 0.0, 0.0, 0.0, 0.0, 0.0, 0.0, 0.0, 0.0, 0.0, 0.0, 0.0, 0.0, 0.0, 0.0, 0.0, 0.0, 0.0, 0.0, 0.0, 0.0, 0.0, 0.0, 0.0, 0.0391013567999313, 0.0, 0.0, 0.0, 0.0, 0.0, 0.0, 0.0, 0.0, 0.0, 0.0, 0.0, 0.0, 0.0, 0.0, 0.0, 0.0, 0.0, 0.0, 0.0, 0.0, 0.0, 0.0, 0.0, 0.0, 0.0, 0.0, 0.0, 0.0, 0.0, 0.0, 0.0, 0.0, 0.0, 0.0, 0.0, 0.0, 0.0, 0.0, 0.0, 0.0, 0.0, 0.0, 0.0, 0.0, 0.0, 0.0, 0.0, 0.0, 0.0, 0.0, 0.0, 0.0, 0.0, 0.0, 0.0, 0.0, 0.0, 0.0, 0.0, 0.0, 0.0, 0.0
0.0, 0.0, 0.0, 0.0, 0.05984841584834781, 0.0, 0.0, 0.0, 0.0, 0.003662992985795598, 0.01788871610082837, 0.0, 0.0, 0.0, 0.0, 0.0024260015828428474, 0.003456592797016436, 0.0, 0.0, 0.0, 0.0, 0.003158827758030953, 0.0, 0.0, 0.0062373957708940254, 0.0, 0.0, 0.0, 0.0, 0.0, 0.0, 0.0, 0.009030152456454176, 0.0, 0.0, 0.0, 0.0, 0.0, 0.0, 0.0, 0.0, 0.021588862126317745, 0.0, 0.0, 0.0, 0.0, 0.0, 0.0, 0.0, 0.0, 0.0, 0.0, 0.0, 0.0, 0.0, 0.0, 0.0, 0.0, 0.0, 0.0, 0.0, 0.0, 0.0, 0.0, 0.0, 0.0, 0.0, 0.0, 0.0, 0.0, 0.0, 0.0, 0.0, 0.0, 0.0, 0.0, 0.0, 0.0, 0.0, 0.0, 0.0, 0.0, 0.0, 0.0, 0.022508701089584655, 0.0, 0.0, 0.0, 0.0, 0.0, 0.0, 0.0, 0.0, 0.0, 0.0, 0.0, 0.0, 0.0, 0.0, 0.0023352319593780047, 0.0, 0.004044614088411026, 0.0, 0.0, 0.0, 0.0, 0.0, 0.0, 0.0, 0.0, 0.0, 0.0
0.0, 0.0, 0.003849286203833462, 0.0, 0.0, 0.0, 0.08013108294530884, 0.01108262826802579, 0.0, 0.09738127122460116, 0.00330511598336665, 0.012165991357502806, 0.0, 0.004452628317350362, 0.00809673382145215, 0.0, 0.0, 0.0, 0.034377082126860574, 0.006131194643151125, 0.0, 0.0, 0.0, 0.00649243538072457, 0.0, 0.0, 0.0, 0.0, 0.05366700653391049, 0.0, 0.0, 0.007063184192120638, 0.0, 0.0, 0.0, 0.0, 0.0, 0.0, 0.0, 0.0, 0.0, 0.0, 0.0, 0.0, 0.0, 0.0, 0.0, 0.0, 0.0, 0.0, 0.0, 0.0, 0.02829454885377891, 0.008385501256580212, 0.0, 0.0, 0.0, 0.0, 0.0, 0.0, 0.006494678894796489, 0.0, 0.0, 0.0, 0.0, 0.0, 0.0, 0.0, 0.0, 0.0, 0.0, 0.003896722564282955, 0.0, 0.0, 0.0, 0.0, 0.0, 0.0, 0.0, 0.0, 0.0, 0.0, 0.0, 0.0, 0.0, 0.0, 0.0, 0.0, 0.0, 0.0, 0.0, 0.0, 0.0, 0.0, 0.0, 0.0, 0.0, 0.0, 0.0, 0.0027353310923307296, 0.0, 0.007674886846889196, 0.0, 0.010989974050425764, 0.0, 0.0, 0.0052735658732625925, 0.0124480842383383, 0.0, 0.0, 0.0, 0.0021230770225339176
0.0, 0.0, 0.0023494155705734536, 0.08640759557100221, 0.00824693386074169, 0.0, 0.0, 0.010978967739440666, 0.0, 0.004328969658328037, 0.032612705431617595, 0.005017246373779724, 0.0, 0.003947447843240396, 0.0, 0.0, 0.0, 0.00620620894177263, 0.0, 0.0, 0.04293197467960788, 0.0, 0.0, 0.0, 0.0, 0.0, 0.0, 0.05366700653391049, 0.0, 0.011737835662116492, 0.00982973637791116, 0.0, 0.0, 0.0, 0.051139643343006344, 0.0, 0.0, 0.0, 0.0, 0.0, 0.0, 0.0, 0.0, 0.0, 0.0, 0.0, 0.0, 0.0, 0.0, 0.0, 0.0, 0.03275922795161036, 0.0, 0.0, 0.0129939225052635, 0.0, 0.0, 0.0, 0.0, 0.0, 0.0, 0.0, 0.0, 0.0, 0.0, 0.0, 0.0, 0.0, 0.028387119853988826, 0.0, 0.0, 0.002378368399214874, 0.0, 0.0, 0.0, 0.0, 0.0, 0.0, 0.0, 0.0, 0.0, 0.0, 0.0, 0.0, 0.0, 0.0, 0.0173865251762776, 0.0, 0.0, 0.0, 0.0, 0.0, 0.0, 0.0, 0.0, 0.0, 0.0, 0.0, 0.0, 0.008185719487665055, 0.0, 0.0, 0.0, 0.0, 0.0, 0.0, 0.0032187260491955785, 0.0, 0.0, 0.0, 0.0, 0.0012958221213326324
0.011536809627960505, 0.0, 0.0, 0.0, 0.009049231312642497, 0.0, 0.002735550735446284, 0.0, 0.0, 0.0, 0.0, 0.008319189263077773, 0.0, 0.0, 0.0, 0.0, 0.0, 0.0, 0.0, 0.0013081841495487271, 0.0, 0.0, 0.0, 0.0, 0.0, 0.0, 0.0, 0.0, 0.011737835662116492, 0.0, 0.027474028131829295, 0.030106628446740273, 0.0, 0.0016915404168682487, 0.020836900763130342, 0.0910615854701608, 0.0045026865119539876, 0.009054690734394043, 0.017444922319440687, 0.0027084525433507074, 0.05473189423015924, 0.03896765356541042, 0.0, 0.021058824756041677, 0.0, 0.0, 0.0, 0.00125692210052753, 0.00351738842441058, 0.0, 0.0, 0.016751340013101784, 0.0, 0.008659606727038709, 7.041001272384832E-4, 0.0014256809943025204, 0.0, 9.669147423450543E-4, 0.0, 0.0, 0.0, 0.0, 0.0, 0.0, 0.0, 5.888932097242923E-4, 0.0, 0.0, 0.0, 0.0, 0.021789048759798823, 0.0013469090780137967, 0.0026619624944439345, 0.0, 0.0, 0.009062019130783226, 0.04823111234787684, 8.786868927127314E-4, 0.0, 0.009054690734394043, 0.001469889716755521, 0.0027084525433507074, 0.0, 0.0, 0.0, 0.0, 0.014708632575648068, 0.0, 0.0, 0.019091171641123603, 0.0, 0.008333807564939451, 6.72086490016945E-4, 0.0, 0.0, 7.20924128347754E-4, 0.0, 0.0, 0.0, 0.004123308672012748, 0.0, 6.115558438363319E-4, 0.0, 0.0, 0.0, 0.0, 0.0, 0.0, 0.0, 0.0, 0.0, 0.010599988318215842
0.004093927578865075, 0.0, 0.002751453217905635, 0.0, 5.388935679966776E-4, 0.0, 0.0, 0.0, 0.0, 0.0, 0.0, 0.006966824181900182, 0.0, 0.0010541016174038464, 0.0, 0.0, 0.0, 0.0, 0.002426922509180443, 5.89149591485297E-4, 0.0, 0.007828516352509689, 0.0, 0.0, 0.0, 0.0, 0.0, 0.0, 0.00982973637791116, 0.027474028131829295, 0.0, 0.0014578305050116543, 0.01270473027521166, 0.0, 0.007837559152330361, 0.004508743397385003, 0.014764318614808758, 0.0068244864656678466, 0.008909820464966857, 0.001413242674260556, 0.008148389831659204, 0.0, 0.0, 4.85024974977589E-4, 0.002599937369166491, 0.0, 0.0, 0.0010525971952079754, 0.0, 0.005481869849655442, 0.0, 0.0, 0.0, 8.057670531194561E-4, 0.0, 0.0, 0.0, 5.045261655436507E-4, 0.0, 0.0, 0.0, 0.0, 0.0, 0.0, 0.0011628067032849122, 0.0, 0.0, 0.04021391008148358, 0.0, 0.0, 0.0, 0.005570721048543629, 0.004369299846251462, 0.0, 0.04331957529835593, 8.584728318949748E-4, 0.00889881103691522, 0.0010596208277506146, 0.007657919592190645, 0.0068244864656678466, 0.00797652266216188, 0.001413242674260556, 0.008335504371010416, 0.0, 0.0, 0.0013614864430340529, 0.013686223750659478, 0.0033076358525766024, 0.0, 0.0017284017422290006, 0.0, 0.0014509564659504265, 0.007717056175695722, 0.0, 0.0, 0.0, 0.0029461631106243165, 0.0, 0.0, 0.0026612483871991124, 0.0, 0.0, 0.0, 0.0018773905066246353, 0.0017562706795007745, 0.0, 0.0, 0.0, 0.0, 0.0, 0.0, 0.0
0.018900817546783893, 0.0, 0.04619410360561474, 0.0, 7.385694206806972E-4, 0.0037693520072375, 0.003799026408219506, 0.0, 0.0, 0.008238388856640149, 0.0019195264173229773, 0.009548236619595382, 0.0, 0.013002094298858107, 0.0, 2.1825151709312237E-4, 0.0019435442335891953, 0.0, 0.0, 8.074467730152013E-4, 0.0, 0.0, 0.010530176056236813, 0.0, 0.0, 0.0, 0.0, 0.007063184192120638, 0.0, 0.030106628446740273, 0.0014578305050116543, 0.0, 0.0018178342020247974, 0.0, 8.106871247471319E-4, 0.015973546726049656, 0.08555734425384717, 5.387419359370491E-4, 0.003011415793833511, 0.013089591968225508, 0.003193381823222363, 0.0, 0.0, 0.03348170100759013, 0.0, 0.0, 0.0, 0.0018950194444570176, 0.0, 0.0, 0.0, 0.005089267920020721, 0.0, 0.03690938083975905, 4.189301178461162E-4, 0.004381513641929286, 3.4367184911216E-4, 0.001125156548816197, 0.004098943014546882, 0.0, 0.0, 2.7190670609230505E-4, 0.0, 0.0018130872669382522, 0.001593660648801924, 0.0, 3.912605142682223E-4, 0.0, 0.0, 0.0, 0.0, 0.0, 0.0, 0.0, 0.0, 0.03639268875047396, 0.040282288672488516, 0.04045872483217523, 0.0, 5.387419359370491E-4, 0.16927624188610915, 0.013089591968225508, 0.0011424052911346936, 0.0, 0.0, 0.001865957052028654, 0.03822677090463, 0.02353688912237515, 0.0, 0.003504490927262749, 0.0031750504352458593, 0.0398741264611321, 0.0014433342300913146, 0.0, 0.0, 0.003937909083800814, 0.0, 0.0, 0.0, 2.1008556692751748E-4, 0.0, 0.009096687808190779, 0.0, 0.0, 0.0, 0.0, 0.015821611814543703, 0.0, 0.0, 0.0, 0.0, 0.0
2.0861109554268798E-4, 0.0, 0.0, 0.0, 0.001536148684082304, 1.5371355594694723E-4, 0.0028445707763863582, 0.033365200897347735, 0.0043535275931169196, 0.0, 0.009432087942938382, 0.0, 0.00901438271274542, 0.0, 0.0, 1.6341868171325757E-4, 0.001455254198159975, 0.0, 0.0, 0.00167940651630369, 0.0, 0.0020779572662324016, 0.001087532031526851, 0.0, 0.020515588150611486, 0.0, 0.009030152456454176, 0.0, 0.0, 0.0, 0.01270473027521166, 0.0018178342020247974, 0.0, 0.0, 0.0014688206163752117, 0.0, 5.45442109279334E-4, 4.0339008006490143E-4, 3.657309365986725E-4, 4.548053353507741E-4, 0.0029397276426430677, 0.028754064870147915, 0.03888283370165325, 1.5608921978923574E-4, 0.0, 0.0, 0.0, 3.387435357528595E-4, 0.0, 0.0, 0.0, 0.0, 0.0, 2.9767664360781757E-4, 3.136794121764633E-4, 0.00490082224997945, 0.02315333728766636, 3.2473006383476225E-4, 0.001680387370335734, 0.0, 0.0, 2.0359370716144687E-4, 0.0, 0.0, 0.08949557113996535, 0.0, 2.929614341277767E-4, 0.002037905440895469, 0.0, 0.0, 0.0, 0.0, 0.0013838836971363556, 0.0, 0.013678345932333738, 2.762710405725681E-4, 0.0021380107081448185, 0.0, 0.0, 4.0339008006490143E-4, 0.0, 4.548053353507741E-4, 0.0030072337137853674, 0.0, 0.02997919239493875, 0.03880999388501797, 0.007292214553196696, 4.3990150332112146E-4, 0.0, 0.001436688012672818, 0.0023773605948388325, 0.0, 0.0, 0.0, 0.0, 1.605872858529948E-4, 0.0, 0.0, 0.020391190186582614, 1.5730431958293651E-4, 0.0, 0.0026606500505613447, 0.0, 0.0, 0.0, 0.0, 0.0, 0.0, 0.042605893987194964, 0.03860804525105856, 0.0065679328764155775, 0.0
0.016987580568921527, 0.0, 0.0, 0.0, 0.0, 0.004194216205669282, 0.007416888734291107, 0.0, 0.0, 0.0, 0.0, 0.0, 0.0, 0.010625671342007299, 0.0, 0.0, 0.009926988390336637, 0.0, 0.0, 0.013104648333115827, 0.0, 0.009071837014794679, 0.0, 6.141324640462813E-4, 0.0, 0.0, 0.0, 0.0, 0.0, 0.0016915404168682487, 0.0, 0.0, 0.0, 0.0, 0.0, 0.0, 0.004223348764220147, 8.49295566590612E-4, 7.700081840592365E-4, 9.575450018826019E-4, 8.021318121924812E-4, 0.002530396908324415, 0.0013427698996439734, 4.159217173470317E-4, 0.0, 0.0, 0.0, 0.0, 0.0, 0.0, 0.0, 0.0, 0.002141150429712538, 0.0, 6.604191507370666E-4, 0.009799422089469188, 0.0, 0.007264154617498315, 0.02292545994738631, 0.0, 0.017474693192108898, 5.425041167992135E-4, 0.0, 0.011205394806864331, 0.0, 5.523594420672698E-4, 0.0, 0.0, 0.0, 0.0, 5.523594420672698E-4, 0.0012633495081312905, 0.0, 0.0, 0.0, 0.0, 0.014235270916838003, 8.241748992790369E-4, 0.0, 8.49295566590612E-4, 0.0013787006717697005, 9.575450018826019E-4, 8.205514665828732E-4, 0.0, 0.0, 0.001340254467923541, 0.012125512055008744, 0.0, 0.5340388847933419, 4.839673834480364E-4, 0.016217119355813436, 0.0, 0.0, 0.0, 0.0, 6.761994241594866E-4, 0.0, 0.0, 0.0, 0.005179010344488185, 0.0, 5.736161312720266E-4, 6.716925521589027E-4, 6.653207381309714E-4, 6.223975782982182E-4, 0.0, 0.008275109821687143, 0.0037679654909862576, 0.0, 0.0, 0.002800189199553867, 6.883190342386167E-4
0.0, 0.0, 0.0, 0.0, 0.009442740845736396, 0.0, 0.0, 0.0, 0.0, 0.0, 0.0, 0.0, 0.0, 0.0, 0.0, 0.0, 0.0, 0.0, 0.0, 0.0017028206175125227, 0.0, 0.0, 0.0, 0.0, 0.0, 0.0, 0.0, 0.0, 0.051139643343006344, 0.020836900763130342, 0.007837559152330361, 8.106871247471319E-4, 0.0014688206163752117, 0.0, 0.0, 0.0013718498779477335, 0.0, 0.003994278322838807, 0.01448554363867925, 0.0014704916498311917, 0.0, 0.0, 0.0039424933898799365, 0.0025233641350283476, 0.054781476519761, 0.0, 0.0, 0.0010952368014211903, 0.0030649260170463417, 0.0, 0.0, 0.0, 0.0, 0.0, 0.0, 0.004969148975553955, 0.0, 5.249639903079415E-4, 0.0, 0.0, 0.0, 0.0, 0.0, 0.0, 0.0, 0.0, 0.0, 0.004681501027142314, 0.0, 0.0, 0.0, 0.0, 0.03391296038009672, 0.04577043306266862, 0.0, 8.932486641538787E-4, 0.004767370290794151, 0.0, 0.0, 0.003994278322838807, 0.0, 0.0014704916498311917, 0.0, 0.0, 0.0, 0.003935107855744022, 0.0, 0.0, 0.0, 0.0, 0.026783394390639162, 0.007261780771658958, 0.0023791301746253304, 0.0, 0.002594049548013504, 0.0, 0.0, 0.0, 0.0, 0.0, 0.0, 0.0, 0.0, 0.0, 0.0, 0.004672332681861636, 0.0, 0.0, 0.0, 0.0, 0.0, 0.008597002843451024
0.03274038586377212, 0.0, 0.0, 0.0, 0.0, 0.0, 0.0, 0.0, 0.0, 0.0, 0.0, 0.0, 0.0, 0.002444691797373887, 0.0, 0.0, 0.0, 0.0, 0.0, 0.0, 0.0, 0.0, 0.0, 0.0, 0.0, 0.0, 0.0, 0.0, 0.0, 0.0910615854701608, 0.004508743397385003, 0.015973546726049656, 0.0, 0.0, 0.0013718498779477335, 0.0, 0.0, 0.0, 0.0, 0.0032776183210616048, 0.0, 0.0, 0.0, 0.009943928721030497, 0.1281337263142685, 0.0, 0.0, 0.002441202713834587, 0.0, 0.0, 0.0, 0.0, 0.0, 0.0, 0.0, 0.0, 0.0, 0.026652422036257215, 0.0, 0.0, 0.0, 0.0, 0.0, 0.0, 0.0, 0.0, 0.0, 0.0, 0.0, 0.0, 0.0, 0.0, 0.0, 0.0, 0.0, 0.017600315632611014, 0.0021252239290424366, 0.0, 0.0, 0.0, 0.0, 0.0032776183210616048, 0.0, 0.0, 0.0, 0.0, 0.003174134105084317, 0.007671129712720899, 0.0, 0.004008541009737526, 0.0, 0.001798442015669053, 0.0013053309848496792, 0.0, 0.0, 0.0, 0.0, 0.0, 0.0, 0.0, 0.0, 0.0, 0.0, 0.004354078483739271, 0.004073175160017679, 0.0, 0.0, 0.0, 0.0, 0.0, 0.0, 0.0
0.01594226812566244, 0.0, 0.0, 0.0, 0.001606659040230529, 4.465808927569207E-4, 0.006829978582124791, 0.0, 0.0, 0.0, 0.0, 0.0, 0.0, 0.0, 0.0, 4.7477699883446766E-4, 0.0, 0.0, 0.0, 0.016000775800639314, 0.0, 0.010732528569902129, 0.019747405431691137, 0.0, 0.0, 0.0, 0.0, 0.0, 0.0, 0.0045026865119539876, 0.014764318614808758, 0.08555734425384717, 5.45442109279334E-4, 0.004223348764220147, 0.0, 0.0, 0.0, 0.0034326884156953017, 0.008600605922823207, 0.0038702116963407656, 0.018102016277041298, 0.006735626246576312, 0.0, 0.008326449197555057, 0.0, 0.0, 0.0, 9.841447599088756E-4, 0.0, 0.0, 0.0, 0.007688209728778872, 0.0, 0.06332506343267211, 0.002669286473893996, 0.3014157272646749, 7.476121645273327E-4, 0.0018533774035713602, 0.0040347070441488705, 0.0, 0.0, 5.91496689694893E-4, 0.0, 0.003944128969580744, 0.0034667956955182675, 0.0014703174601948881, 8.511349437604931E-4, 0.0, 0.0, 0.0, 0.0014703174601948881, 0.0033628914410914314, 0.0, 0.0, 0.007299077595046391, 8.026446801111248E-4, 0.04000918371380923, 0.4258668364054282, 0.022831346434306378, 0.0034326884156953017, 0.008583420414217897, 0.0038702116963407656, 0.013896553006743164, 0.0, 0.0, 0.00405914011923307, 5.288218112488683E-4, 0.0012780369621145278, 0.0, 0.004737836470619131, 0.0, 0.005758903591279217, 0.05116127168840611, 0.0, 0.0, 0.002266516285395609, 0.0, 0.0, 0.0, 0.00864686603469632, 0.0, 0.0015269003279860457, 0.004670611611833163, 0.0, 0.0, 0.0, 0.034417801415913864, 0.0, 0.0, 0.0, 0.0, 0.0018322262953228694
